a, d
2/9/2004 4:52:54 PM
Set #2

  TIME    TORQUE   POSITION    POS (ANAT)    VELOCITY
  mSec    FT-LBS    Degrees      Degrees       DEG/SEC
     0       0.0      174.5           94         -5.5
    10      23.5      174.5           94          0.2
    20       5.8      174.4           94         14.3
    30      29.8      174.2           94         22.6
    40       7.8      173.9           93         37.2
    50      20.2      173.5           93         44.1
    60      13.2      172.9           92         50.3
    70      14.3      172.3           92         58.5
    80      13.4      171.6           91         66.0
    90      14.8      170.8           90         74.0
   100      16.6      169.9           89        101.6
   110      14.7      168.9           88        113.9
   120      18.1      167.7           87        114.7
   130      15.1      166.5           86        127.2
   140      16.9      165.1           85        138.9
   150      15.9      163.7           83        147.7
   160      22.1      162.2           82        149.0
   170      23.1      160.7           80        149.3
   180      25.0      159.2           79        149.8
   190      25.5      157.7           77        149.3
   200      25.3      156.2           76        149.8
   210      24.7      154.7           74        149.6
   220      25.1      153.2           73        149.8
   230      27.0      151.7           71        149.6
   240      28.8      150.2           70        150.1
   250      30.5      148.7           68        149.8
   260      32.0      147.2           67        150.1
   270      34.1      145.7           65        150.1
   280      34.8      144.2           64        150.1
   290      35.7      142.7           62        149.8
   300      36.6      141.2           61        149.8
   310      38.0      139.7           59        149.8
   320      39.0      138.2           58        149.8
   330      40.6      136.7           56        150.1
   340      41.2      135.2           55        150.1
   350      42.2      133.7           53        150.1
   360      42.5      132.2           52        150.1
   370      42.9      130.7           50        149.8
   380      43.1      129.2           49        149.8
   390      43.0      127.7           47        149.8
   400      43.0      126.2           46        149.6
   410      42.6      124.7           44        149.6
   420      42.9      123.2           43        149.8
   430      42.8      121.7           41        149.8
   440      42.3      120.2           40        149.6
   450      40.8      118.7           38        149.6
   460      38.9      117.2           37        149.6
   470      37.1      115.7           35        149.3
   480      36.3      114.2           34        149.3
   490      34.1      112.7           32        149.3
   500      31.6      111.2           31        149.3
   510      30.4      109.7           29        149.3
   520      29.7      108.2           28        149.6
   530      27.9      106.8           26        149.0
   540      26.8      105.3           25        149.3
   550      24.4      103.8           23        149.0
   560      22.5      102.3           22        149.0
   570      20.3      100.8           20        149.0
   580      18.2       99.3           19        149.0
   590      16.8       97.8           17        149.0
   600      16.7       96.3           16        149.0
   610      16.1       94.8           14        149.3
   620     -18.6       93.3           13        148.8
   630     -17.1       91.9           11        142.9
   640      15.3       90.5           10        140.0
   650      18.1       89.1            9        138.7
   660      20.3       88.1            8        106.4
   670      32.3       87.3            7         84.3
   680      30.2       86.7            6         65.2
   690      24.6       86.2            6         46.0
   700      20.9       85.8            5         31.6
   710      16.8       85.5            5         29.2
   720      16.8       85.3            5         22.8
   730      16.3       85.1            5         17.8
   740     -21.3       85.0            5         13.3
   750     -17.7       84.9            4          9.3
   760     -17.1       84.9            4          6.9
   770     -18.7       84.8            4          5.5
   780     -16.8       84.8            4          0.7
   790      -1.9       84.8            4         -8.5
   800       0.0       85.0            5        -21.8
   810       0.0       85.3            5        -34.0
   820       0.0       85.8            5        -49.7
   830       0.0       86.2            6        -47.1
   840       0.0       86.9            6        -59.9
   850       0.0       87.5            7        -76.1
   860       0.0       88.3            8        -78.2
   870       0.0       89.1            9        -84.9
   880       0.0       90.0           10        -92.6
   890       0.0       91.0           11       -101.4
   900       0.0       92.1           12       -111.0
   910       0.0       93.3           13       -122.7
   920       0.0       94.6           14       -133.1
   930       0.0       96.0           16       -143.7
   940       0.0       97.5           17       -148.5
   950      -3.1       99.0           19       -149.3
   960      -5.8      100.5           20       -149.3
   970      -7.6      102.0           22       -149.8
   980      -9.9      103.5           23       -149.8
   990     -10.8      105.0           25       -150.1
  1000     -11.2      106.5           26       -150.1
  1010     -10.6      108.0           28       -149.8
  1020     -10.3      109.5           29       -149.6
  1030     -10.6      111.0           31       -149.6
  1040     -11.2      112.5           32       -149.8
  1050     -12.0      114.0           34       -149.6
  1060     -11.8      115.5           35       -149.8
  1070     -11.6      117.0           37       -149.8
  1080     -11.3      118.5           38       -149.3
  1090      -9.8      120.0           40       -149.6
  1100      -9.8      121.5           41       -149.3
  1110      -9.6      123.0           43       -149.8
  1120      -9.9      124.5           44       -149.3
  1130      -9.7      126.0           46       -149.6
  1140      -9.5      127.5           47       -149.3
  1150      -9.4      129.0           49       -149.8
  1160      -9.7      130.5           50       -149.8
  1170      -9.5      131.9           51       -149.3
  1180      -9.3      133.4           53       -149.8
  1190      -9.7      134.9           54       -149.3
  1200      -9.2      136.4           56       -149.6
  1210      -9.1      137.9           57       -149.3
  1220      -8.8      139.4           59       -149.6
  1230      -9.1      140.9           60       -149.6
  1240      -9.0      142.4           62       -149.6
  1250      -7.8      143.9           63       -149.3
  1260      -7.1      145.4           65       -149.3
  1270      -6.0      146.9           66       -149.6
  1280      -6.2      148.4           68       -149.0
  1290      -5.8      149.9           69       -149.6
  1300      -5.6      151.4           71       -149.3
  1310      -4.0      152.9           72       -149.6
  1320      -3.3      154.4           74       -149.3
  1330      -2.2      155.9           75       -149.0
  1340      -1.5      157.4           77       -149.3
  1350      -0.9      158.9           78       -149.3
  1360      -1.1      160.4           80       -149.6
  1370      -1.5      161.9           81       -149.3
  1380      -1.7      163.3           83       -149.8
  1390      -2.0      164.8           84       -149.6
  1400      -1.6      166.3           86       -149.6
  1410       0.0      167.8           87       -149.6
  1420       0.0      169.3           89       -148.5
  1430      -1.4      170.6           90       -131.2
  1440      -7.9      171.6           91       -100.3
  1450     -11.8      172.3           92        -76.6
  1460     -17.5      172.9           92        -59.9
  1470     -15.6      173.3           93        -45.5
  1480      -7.2      173.7           93        -34.0
  1490      -4.6      173.9           93        -25.5
  1500      -5.7      174.1           94        -19.7
  1510      -6.6      174.2           94        -14.9
  1520      -3.0      174.3           94        -10.9
  1530       0.0      174.4           94         -7.9
  1540       0.0      174.5           94         -6.3
  1550       0.0      174.5           94         -4.7
  1560       0.0      174.6           94         -2.9
  1570       4.1      174.6           94         -1.8
  1580      16.3      174.6           94          4.7
  1590       8.4      174.4           94         14.3
  1600      19.4      174.3           94         17.3
  1610       6.4      174.0           94         33.2
  1620      19.8      173.7           93         34.8
  1630      10.7      173.2           93         41.7
  1640      16.6      172.7           92         48.9
  1650      11.4      172.1           92         57.2
  1660      19.1      171.4           91         65.2
  1670      16.2      170.6           90         75.3
  1680      19.1      169.7           89         85.7
  1690      19.8      168.6           88        108.3
  1700      20.6      167.4           87        123.2
  1710      17.6      166.0           86        137.9
  1720      19.3      164.6           84        148.2
  1730      22.4      163.1           83        149.0
  1740      23.8      161.6           81        149.3
  1750      25.8      160.1           80        149.6
  1760      27.2      158.6           78        150.1
  1770      27.2      157.1           77        150.1
  1780      28.1      155.6           75        149.8
  1790      29.1      154.1           74        150.1
  1800      30.5      152.6           72        150.1
  1810      33.0      151.1           71        150.1
  1820      36.0      149.6           69        150.4
  1830      38.5      148.1           68        150.4
  1840      42.4      146.6           66        150.6
  1850      45.0      145.1           65        150.6
  1860      48.0      143.6           63        151.2
  1870      50.0      142.1           62        151.2
  1880      52.1      140.6           60        150.9
  1890      52.7      139.1           59        150.9
  1900      53.2      137.5           57        151.2
  1910      53.5      136.0           56        151.2
  1920      53.5      134.5           54        151.2
  1930      54.0      133.0           53        150.6
  1940      53.1      131.5           51        150.9
  1950      53.0      130.0           50        150.6
  1960      51.7      128.5           48        150.6
  1970      49.9      127.0           47        150.4
  1980      49.5      125.5           45        150.1
  1990      48.5      124.0           44        150.1
  2000      46.8      122.5           42        149.8
  2010      45.5      121.0           41        150.1
  2020      44.7      119.5           39        149.8
  2030      42.7      118.0           38        149.8
  2040      41.2      116.5           36        149.6
  2050      39.3      115.0           35        149.6
  2060      37.4      113.5           33        149.6
  2070      35.7      112.0           32        149.6
  2080      34.8      110.5           30        149.6
  2090      32.0      109.0           29        149.3
  2100      29.8      107.5           27        149.3
  2110      28.2      106.0           26        149.3
  2120      26.4      104.6           24        149.3
  2130      24.5      103.1           23        149.3
  2140      23.6      101.6           21        149.6
  2150      21.7      100.1           20        149.3
  2160      20.9       98.6           18        149.3
  2170      19.9       97.1           17        149.3
  2180      18.8       95.6           15        149.6
  2190      17.1       94.1           14        149.6
  2200      17.1       92.6           12        149.6
  2210      16.8       91.1           11        149.8
  2220     -19.7       89.6            9        161.3
  2230      17.7       88.4            8        125.1
  2240      28.6       87.5            7         95.8
  2250      25.5       86.8            6         74.2
  2260      26.1       86.2            6         56.1
  2270      24.0       85.8            5         42.5
  2280      20.0       85.5            5         32.2
  2290      16.8       85.3            5         24.2
  2300      16.7       85.1            5         18.6
  2310     -21.0       84.9            4         13.8
  2320     -19.2       84.9            4          8.5
  2330     -17.1       84.8            4          5.8
  2340     -22.4       84.8            4          3.9
  2350      -7.7       84.8            4         -3.7
  2360       0.0       84.9            4        -15.4
  2370      -2.4       85.2            5        -25.8
  2380       0.0       85.5            5        -36.7
  2390       0.0       86.0            6        -46.0
  2400       0.0       86.6            6        -52.1
  2410       0.0       87.2            7        -59.9
  2420       0.0       88.0            8        -67.8
  2430       0.0       88.8            8        -91.8
  2440       0.0       89.7            9        -91.3
  2450       0.0       90.7           10        -99.0
  2460       0.0       91.7           11       -106.2
  2470       0.0       92.8           12       -115.5
  2480       0.0       94.1           14       -125.6
  2490       0.0       95.4           15       -136.3
  2500       0.0       96.9           16       -146.6
  2510      -2.3       98.3           18       -148.8
  2520      -5.3       99.8           19       -149.6
  2530      -8.0      101.3           21       -149.6
  2540      -9.8      102.8           22       -149.8
  2550     -10.1      104.3           24       -150.1
  2560     -10.9      105.8           25       -149.8
  2570     -11.2      107.3           27       -149.8
  2580     -11.7      108.8           28       -149.6
  2590     -11.9      110.3           30       -149.8
  2600     -11.9      111.8           31       -149.6
  2610     -12.2      113.3           33       -149.8
  2620     -12.4      114.8           34       -149.6
  2630     -12.7      116.3           36       -149.6
  2640     -11.8      117.8           37       -149.8
  2650     -11.5      119.3           39       -149.6
  2660     -10.7      120.8           40       -149.8
  2670     -10.4      122.3           42       -149.3
  2680     -10.3      123.8           43       -149.3
  2690      -9.0      125.3           45       -149.6
  2700      -9.1      126.8           46       -149.3
  2710      -8.2      128.3           48       -149.6
  2720      -8.5      129.8           49       -149.3
  2730      -7.7      131.3           51       -149.6
  2740      -7.9      132.8           52       -149.3
  2750      -7.1      134.3           54       -149.6
  2760      -6.8      135.8           55       -149.3
  2770      -6.1      137.3           57       -149.3
  2780      -6.0      138.8           58       -149.6
  2790      -6.8      140.3           60       -149.3
  2800      -5.9      141.8           61       -149.8
  2810      -6.0      143.3           63       -149.0
  2820      -5.0      144.8           64       -149.6
  2830      -5.3      146.3           66       -149.3
  2840      -4.6      147.7           67       -149.3
  2850      -5.0      149.2           69       -149.6
  2860      -4.4      150.7           70       -149.3
  2870      -3.7      152.2           72       -149.3
  2880      -3.1      153.7           73       -149.3
  2890      -2.0      155.2           75       -149.3
  2900      -1.3      156.7           76       -149.3
  2910      -0.7      158.2           78       -149.3
  2920      -0.9      159.7           79       -149.3
  2930      -1.3      161.2           81       -149.3
  2940      -1.5      162.7           82       -149.6
  2950      -1.9      164.2           84       -149.6
  2960       0.9      165.7           85       -149.3
  2970      -0.3      167.2           87       -148.0
  2980       0.1      168.6           88       -145.0
  2990       0.7      170.0           90       -144.5
  3000      -0.5      171.1           91       -110.2
  3010       0.0      171.9           91        -84.6
  3020      -2.0      172.5           92        -65.4
  3030      -5.3      173.0           93        -50.5
  3040      -0.6      173.4           93        -38.8
  3050      -1.5      173.7           93        -29.8
  3060      -3.6      173.9           93        -23.1
  3070      -2.4      174.1           94        -17.5
  3080       0.0      174.2           94        -13.3
  3090       0.0      174.3           94         -8.2
  3100       0.0      174.4           94         -6.1
  3110       0.0      174.4           94         -5.5
  3120       9.9      174.5           94         -1.5
  3130      19.4      174.4           94          4.5
  3140      17.0      174.3           94         15.4
  3150      21.4      174.1           94         23.6
  3160      11.4      173.7           93         43.3
  3170      23.3      173.3           93         43.3
  3180      14.7      172.7           92         56.1
  3190      15.6      172.0           92         65.2
  3200      12.8      171.2           91         73.7
  3210      19.3      170.3           90         81.9
  3220      14.8      169.3           89         92.9
  3230      18.7      168.1           88        114.2
  3240      16.9      166.9           86        127.5
  3250      17.0      165.5           85        140.2
  3260      14.8      164.1           84        148.2
  3270      20.4      162.6           82        148.8
  3280      21.9      161.1           81        149.3
  3290      22.9      159.6           79        149.6
  3300      24.8      158.1           78        149.6
  3310      25.2      156.6           76        149.6
  3320      24.1      155.1           75        149.6
  3330      24.5      153.6           73        149.6
  3340      25.4      152.1           72        149.6
  3350      25.3      150.6           70        149.8
  3360      26.7      149.1           69        149.8
  3370      27.4      147.6           67        149.8
  3380      28.5      146.1           66        149.8
  3390      30.4      144.6           64        150.1
  3400      31.9      143.1           63        150.1
  3410      33.4      141.6           61        150.1
  3420      35.9      140.1           60        150.1
  3430      36.8      138.6           58        150.1
  3440      37.7      137.1           57        150.1
  3450      38.0      135.6           55        150.1
  3460      38.4      134.1           54        150.1
  3470      38.2      132.6           52        150.1
  3480      38.1      131.1           51        149.8
  3490      37.3      129.6           49        149.8
  3500      36.7      128.1           48        149.8
  3510      36.0      126.6           46        149.8
  3520      35.7      125.1           45        149.6
  3530      36.1      123.6           43        149.6
  3540      35.8      122.1           42        149.6
  3550      34.1      120.6           40        149.8
  3560      34.3      119.1           39        149.6
  3570      33.2      117.6           37        149.6
  3580      31.8      116.1           36        149.6
  3590      31.0      114.6           34        149.8
  3600      29.3      113.1           33        149.6
  3610      27.4      111.6           31        149.6
  3620      26.6      110.1           30        149.6
  3630      24.2      108.6           28        149.6
  3640      22.9      107.1           27        149.6
  3650      21.6      105.7           25        149.3
  3660      19.2      104.2           24        149.3
  3670      16.8      102.7           22        149.6
  3680      16.4      101.2           21        149.3
  3690      16.3       99.7           19        149.6
  3700     -14.8       98.2           18        149.6
  3710     -18.3       96.7           16        147.4
  3720     -16.9       95.3           15        140.8
  3730     -16.5       93.9           13        138.9
  3740     -15.4       92.5           12        137.1
  3750     -22.4       91.2           11        135.2
  3760     -31.0       89.9            9        114.7
  3770     -19.0       88.8            8         93.7
  3780     -21.9       87.9            7         74.0
  3790     -18.7       87.2            7         58.8
  3800      16.1       86.7            6         47.3
  3810     -18.6       86.2            6         37.5
  3820     -21.2       85.9            5         29.0
  3830     -23.4       85.6            5         22.3
  3840     -28.6       85.4            5         16.5
  3850     -28.0       85.3            5          7.1
  3860       0.0       85.3            5         -1.5
  3870       0.0       85.4            5         -7.4
  3880       0.0       85.5            5        -13.8
  3890       0.0       85.7            5        -23.9
  3900       0.0       86.0            6        -32.2
  3910       0.0       86.4            6        -40.4
  3920       0.0       86.8            6        -43.1
  3930       0.0       87.4            7        -56.1
  3940       0.0       88.0            8        -70.5
  3950       0.0       88.7            8        -71.3
  3960       0.0       89.5            9        -72.6
  3970       0.0       90.4           10        -90.2
  3980       0.0       91.4           11        -99.0
  3990       0.0       92.4           12       -107.5
  4000       0.0       93.5           13       -116.8
  4010       0.0       94.8           14       -125.3
  4020       0.0       96.1           16       -135.5
  4030       0.0       97.5           17       -144.8
  4040      -0.5       99.0           19       -149.6
  4050      -3.7      100.5           20       -149.3
  4060      -6.0      102.0           22       -149.8
  4070      -8.3      103.5           23       -149.8
  4080      -9.0      105.0           25       -150.1
  4090      -8.8      106.5           26       -150.1
  4100      -8.5      108.0           28       -149.8
  4110      -8.7      109.5           29       -149.8
  4120      -9.5      111.0           31       -149.6
  4130      -9.7      112.5           32       -149.8
  4140     -10.0      114.0           34       -149.8
  4150      -9.7      115.5           35       -150.1
  4160      -9.9      117.0           37       -149.8
  4170      -9.2      118.5           38       -149.6
  4180      -8.4      120.0           40       -149.8
  4190      -8.0      121.5           41       -149.6
  4200      -7.5      123.0           43       -149.8
  4210      -7.3      124.5           44       -149.6
  4220      -6.4      126.0           46       -149.8
  4230      -6.4      127.5           47       -149.6
  4240      -5.8      129.0           49       -149.8
  4250      -6.2      130.5           50       -149.6
  4260      -6.1      132.0           52       -149.6
  4270      -5.7      133.5           53       -149.8
  4280      -5.0      135.0           55       -149.6
  4290      -4.3      136.4           56       -149.8
  4300      -4.1      137.9           57       -149.6
  4310      -3.8      139.4           59       -149.6
  4320      -4.2      140.9           60       -149.6
  4330      -4.3      142.4           62       -149.6
  4340      -3.6      143.9           63       -149.8
  4350      -3.0      145.4           65       -149.6
  4360      -1.6      146.9           66       -149.6
  4370      -2.2      148.4           68       -149.3
  4380      -1.6      149.9           69       -149.8
  4390      -2.0      151.4           71       -149.6
  4400      -1.0      152.9           72       -149.6
  4410      -0.7      154.4           74       -149.3
  4420      -0.1      155.9           75       -149.3
  4430      -0.2      157.4           77       -149.6
  4440      -0.6      158.9           78       -149.6
  4450      -0.9      160.4           80       -149.8
  4460      -1.3      161.9           81       -149.6
  4470       0.7      163.4           83       -149.6
  4480       0.6      164.8           84       -147.7
  4490       1.2      166.3           86       -144.5
  4500       1.3      167.7           87       -143.2
  4510       0.0      169.2           89       -140.5
  4520       0.0      170.4           90       -127.2
  4530      -0.7      171.3           91        -99.5
  4540      -7.8      172.1           92        -77.7
  4550     -12.2      172.7           92        -60.4
  4560     -15.8      173.1           93        -47.9
  4570     -11.5      173.5           93        -37.2
  4580      -2.7      173.8           93        -28.2
  4590       0.0      174.0           94        -21.2
  4600       0.0      174.1           94        -16.7
  4610      -0.5      174.3           94        -12.7
  4620       0.0      174.3           94         -9.8
  4630       0.0      174.4           94         -7.7
  4640       0.0      174.5           94         -5.8
  4650       0.0      174.5           94         -4.5
  4660       3.6      174.5           94         -2.1
  4670       3.7      174.5           94          1.5
  4680      19.4      174.5           94          4.7
  4690      11.6      174.4           94         12.7
  4700      14.8      174.2           94         20.2
  4710       9.3      173.9           93         33.0
  4720      16.0      173.5           93         39.9
  4730      12.8      173.1           93         49.7
  4740      10.3      172.6           92         58.8
  4750      12.5      172.0           92         65.4
  4760      14.4      171.4           91         60.6
  4770      14.7      170.6           90         75.8
  4780      14.0      169.8           89         85.9
  4790      17.4      168.8           88         97.1
  4800      13.9      167.8           87        108.8
  4810      13.6      166.6           86        119.2
  4820      10.6      165.3           85        128.8
  4830      11.1      164.0           84        137.1
  4840       9.6      162.5           82        144.5
  4850      13.2      161.1           81        147.2
  4860      15.0      159.6           79        148.0
  4870      16.5      158.1           78        148.0
  4880      17.4      156.6           76        148.8
  4890      19.9      155.1           75        149.0
  4900      20.3      153.6           73        149.3
  4910      21.2      152.1           72        149.0
  4920      22.7      150.6           70        149.6
  4930      25.6      149.1           69        149.8
  4940      27.7      147.6           67        149.8
  4950      30.1      146.1           66        149.8
  4960      32.3      144.6           64        149.8
  4970      34.0      143.1           63        150.1
  4980      36.0      141.6           61        150.1
  4990      36.9      140.1           60        150.1
  5000      37.3      138.6           58        150.1
  5010      37.7      137.1           57        150.1
  5020      39.1      135.6           55        150.1
  5030      40.0      134.1           54        150.4
  5040      41.8      132.6           52        150.1
  5050      42.7      131.1           51        150.1
  5060      43.1      129.6           49        149.8
  5070      43.4      128.1           48        150.1
  5080      43.2      126.6           46        149.8
  5090      42.0      125.1           45        149.8
  5100      42.4      123.6           43        149.8
  5110      42.1      122.1           42        149.8
  5120      40.4      120.6           40        149.8
  5130      38.6      119.1           39        149.6
  5140      36.8      117.6           37        149.6
  5150      34.9      116.1           36        149.3
  5160      34.2      114.6           34        149.3
  5170      31.3      113.1           33        149.3
  5180      29.1      111.6           31        149.3
  5190      26.6      110.1           30        149.3
  5200      22.7      108.7           28        148.8
  5210      19.7      107.2           27        149.0
  5220      16.3      105.7           25        148.5
  5230      15.8      104.2           24        148.8
  5240     -16.1      102.7           22        149.0
  5250     -16.5      101.2           21        145.8
  5260      14.4       99.8           19        141.0
  5270     -15.5       98.4           18        140.0
  5280     -17.2       97.0           17        138.4
  5290     -17.1       95.7           15        135.7
  5300     -20.0       94.3           14        132.8
  5310     -24.9       93.0           13        127.2
  5320     -21.9       91.8           11        119.5
  5330     -23.9       90.7           10        112.8
  5340     -22.5       89.7            9         91.3
  5350     -17.4       88.8            8         75.6
  5360     -17.5       88.0            8         62.5
  5370     -17.5       87.4            7         51.3
  5380     -18.1       86.9            6         42.3
  5390     -21.7       86.5            6         34.6
  5400     -23.9       86.2            6         27.9
  5410     -25.4       85.9            5         21.8
  5420     -26.5       85.8            5         14.9
  5430     -27.0       85.7            5          6.9
  5440       0.0       85.6            5         -1.3
  5450       0.0       85.7            5         -5.3
  5460       0.0       85.8            5        -16.5
  5470       0.0       86.0            6        -25.5
  5480       0.0       86.3            6        -33.2
  5490       0.0       86.7            6        -46.5
  5500       0.0       87.2            7        -57.2
  5510       0.0       87.8            7        -62.2
  5520       0.0       88.5            8        -65.2
  5530       0.0       89.3            9        -82.2
  5540       0.0       90.3           10        -94.7
  5550       0.0       91.3           11       -104.0
  5560       0.0       92.4           12       -113.9
  5570       0.0       93.6           13       -124.8
  5580       0.0       94.9           14       -134.9
  5590       0.0       96.4           16       -145.8
  5600      -1.8       97.8           17       -149.0
  5610      -5.4       99.3           19       -149.6
  5620      -9.1      100.8           20       -149.8
  5630     -11.0      102.3           22       -150.1
  5640     -12.1      103.8           23       -150.1
  5650     -12.3      105.3           25       -150.1
  5660     -11.9      106.8           26       -150.1
  5670     -12.6      108.3           28       -149.8
  5680     -12.4      109.8           29       -150.1
  5690     -13.2      111.3           31       -149.6
  5700     -13.4      112.8           32       -150.1
  5710     -13.7      114.3           34       -149.6
  5720     -13.3      115.8           35       -149.8
  5730     -13.0      117.3           37       -149.8
  5740     -12.0      118.8           38       -149.6
  5750     -11.7      120.3           40       -149.8
  5760     -11.5      121.8           41       -149.6
  5770     -10.8      123.3           43       -149.8
  5780     -10.5      124.8           44       -149.6
  5790     -10.3      126.3           46       -149.8
  5800      -9.5      127.8           47       -149.8
  5810      -9.9      129.3           49       -149.6
  5820     -10.0      130.8           50       -150.1
  5830     -10.1      132.3           52       -149.6
  5840      -9.4      133.8           53       -149.8
  5850      -9.0      135.3           55       -149.0
  5860      -8.2      136.8           56       -149.8
  5870      -7.9      138.3           58       -149.8
  5880      -8.4      139.8           59       -149.6
  5890      -8.4      141.3           61       -149.8
  5900      -8.0      142.8           62       -149.6
  5910      -7.2      144.3           64       -149.8
  5920      -6.3      145.8           65       -149.3
  5930      -5.6      147.3           67       -149.8
  5940      -6.0      148.8           68       -149.6
  5950      -4.7      150.2           70       -149.6
  5960      -4.7      151.7           71       -149.8
  5970      -4.1      153.2           73       -149.8
  5980      -2.9      154.7           74       -149.8
  5990      -2.3      156.2           76       -149.3
  6000      -1.1      157.7           77       -149.8
  6010      -1.0      159.2           79       -149.6
  6020      -0.9      160.7           80       -149.8
  6030      -1.4      162.2           82       -149.6
  6040      -1.8      163.7           83       -149.8
  6050      -0.1      165.2           85       -149.6
  6060      -0.9      166.7           86       -148.8
  6070       0.0      168.2           88       -149.0
  6080      -0.1      169.6           89       -145.8
  6090       0.0      170.8           90       -120.5
  6100      -1.1      171.7           91        -92.9
  6110      -0.9      172.4           92        -71.0
  6120      -4.5      172.9           92        -50.3
  6130      -0.2      173.3           93        -34.3
  6140      -1.6      173.6           93        -26.3
  6150      -1.5      173.9           93        -19.9
  6160       0.0      174.1           94        -15.1
  6170       0.0      174.2           94        -12.5
  6180       0.0      174.3           94        -10.3
  6190       0.0      174.4           94         -8.2
  6200       4.2      174.4           94         -6.3
  6210      17.3      174.4           94          1.3
  6220      15.2      174.4           94         10.1
  6230      26.1      174.2           94         19.4
  6240      17.1      173.9           93         31.4
  6250      21.2      173.5           93         42.5
  6260      21.0      172.9           92         54.8
  6270      16.4      172.2           92         67.8
  6280      17.0      171.4           91         77.4
  6290      18.2      170.4           90         87.5
  6300      20.1      169.4           89         98.7
  6310      18.7      168.1           88        124.0
  6320      20.4      166.7           86        137.9
  6330      19.5      165.3           85        148.5
  6340      24.2      163.8           83        149.3
  6350      26.2      162.3           82        149.3
  6360      28.2      160.8           80        149.8
  6370      29.2      159.3           79        149.8
  6380      30.1      157.8           77        149.8
  6390      31.6      156.3           76        149.8
  6400      32.5      154.8           74        150.1
  6410      35.0      153.3           73        150.1
  6420      37.5      151.8           71        150.1
  6430      39.9      150.3           70        150.4
  6440      42.4      148.8           68        150.1
  6450      42.9      147.3           67        150.4
  6460      43.8      145.8           65        150.1
  6470      44.2      144.3           64        150.4
  6480      45.5      142.8           62        150.4
  6490      46.5      141.3           61        150.4
  6500      48.4      139.8           59        150.4
  6510      49.3      138.3           58        150.6
  6520      49.2      136.8           56        150.6
  6530      50.0      135.3           55        150.6
  6540      50.5      133.7           53        150.6
  6550      50.8      132.2           52        150.4
  6560      51.7      130.7           50        150.6
  6570      52.0      129.2           49        150.6
  6580      52.4      127.7           47        150.6
  6590      51.7      126.2           46        150.4
  6600      50.4      124.7           44        150.4
  6610      48.6      123.2           43        150.1
  6620      46.2      121.7           41        150.1
  6630      43.1      120.2           40        149.8
  6640      40.8      118.7           38        149.6
  6650      39.4      117.2           37        149.3
  6660      38.1      115.7           35        149.6
  6670      37.4      114.2           34        149.3
  6680      36.6      112.7           32        149.6
  6690      35.5      111.2           31        149.3
  6700      33.5      109.7           29        149.6
  6710      31.1      108.2           28        149.3
  6720      30.2      106.8           26        149.0
  6730      28.3      105.3           25        149.3
  6740      27.0      103.8           23        149.0
  6750      24.6      102.3           22        149.3
  6760      23.7      100.8           20        149.3
  6770      21.8       99.3           19        149.3
  6780      21.0       97.8           17        149.0
  6790      19.5       96.3           16        149.0
  6800      17.2       94.8           14        149.0
  6810      17.2       93.3           13        149.3
  6820      16.8       91.8           11        149.3
  6830     -17.3       90.4           10        134.4
  6840      16.6       89.0            9        116.8
  6850      18.2       87.9            7         88.6
  6860      27.8       87.1            7         68.1
  6870      24.0       86.5            6         51.9
  6880      24.5       86.0            6         39.4
  6890      21.7       85.7            5         29.8
  6900      16.8       85.4            5         27.1
  6910      16.3       85.2            5         20.7
  6920     -17.6       85.0            5         15.1
  6930     -16.6       84.9            4         11.9
  6940     -31.2       84.8            4          7.1
  6950      -7.1       84.9            4         -4.7
  6960       0.0       85.0            5        -22.0
  6970      -3.3       85.3            5        -35.4
  6980       0.0       85.7            5        -40.9
  6990       0.0       86.3            6        -52.7
  7000       0.0       86.8            6        -63.3
  7010       0.0       87.5            7        -71.6
  7020       0.0       88.1            8        -66.0
  7030       0.0       89.0            9        -82.7
  7040       0.0       89.9            9        -94.5
  7050       0.0       90.9           10       -104.6
  7060       0.0       92.0           12       -114.4
  7070       0.0       93.3           13       -125.6
  7080      -1.0       94.6           14       -136.8
  7090      -1.2       96.1           16       -148.0
  7100      -6.0       97.6           17       -148.8
  7110      -8.8       99.1           19       -149.6
  7120     -11.1      100.6           20       -149.6
  7130     -13.2      102.1           22       -150.1
  7140     -13.3      103.6           23       -149.8
  7150     -13.6      105.1           25       -150.1
  7160     -13.8      106.6           26       -149.8
  7170     -13.7      108.1           28       -149.6
  7180     -13.4      109.6           29       -149.8
  7190     -13.6      111.1           31       -149.6
  7200     -13.8      112.6           32       -149.8
  7210     -14.1      114.1           34       -149.6
  7220     -13.9      115.6           35       -150.1
  7230     -12.9      117.1           37       -149.6
  7240     -11.9      118.5           38       -149.3
  7250     -11.6      120.0           40       -149.6
  7260     -11.9      121.5           41       -149.6
  7270     -12.2      123.0           43       -149.8
  7280     -12.0      124.5           44       -149.0
  7290     -11.1      126.0           46       -149.6
  7300     -10.6      127.5           47       -149.3
  7310      -9.8      129.0           49       -149.6
  7320     -10.0      130.5           50       -149.6
  7330     -10.3      132.0           52       -149.3
  7340     -10.4      133.5           53       -149.8
  7350     -10.8      135.0           55       -149.3
  7360     -10.6      136.5           56       -149.8
  7370     -11.0      138.0           58       -149.3
  7380     -10.3      139.5           59       -149.8
  7390     -10.7      141.0           61       -149.6
  7400     -10.0      142.5           62       -149.6
  7410      -8.9      144.0           64       -149.6
  7420      -8.8      145.5           65       -149.3
  7430      -7.2      147.0           67       -149.6
  7440      -7.7      148.5           68       -149.0
  7450      -6.6      150.0           70       -149.6
  7460      -6.7      151.5           71       -149.3
  7470      -5.1      153.0           73       -149.6
  7480      -4.4      154.5           74       -149.3
  7490      -3.7      155.9           75       -149.3
  7500      -3.1      157.4           77       -149.6
  7510      -3.0      158.9           78       -149.6
  7520      -2.0      160.4           80       -149.6
  7530      -1.8      161.9           81       -149.3
  7540      -1.9      163.4           83       -149.6
  7550      -2.0      164.9           84       -149.3
  7560      -1.5      166.4           86       -149.3
  7570       0.3      167.9           87       -149.3
  7580       0.0      169.3           89       -132.8
  7590      -0.3      170.6           90       -105.6
  7600      -0.3      171.6           91        -80.3
  7610      -2.2      172.3           92        -61.4
  7620      -1.6      172.9           92        -57.7
  7630      -2.7      173.3           93        -44.4
  7640      -1.6      173.6           93        -33.8
  7650       0.0      173.9           93        -25.5
  7660       0.0      174.1           94        -19.4
  7670       0.0      174.2           94        -14.6
  7680       0.0      174.3           94        -11.1
  7690       0.0      174.4           94         -8.5
  7700       8.3      174.5           94         -5.5
  7710      16.3      174.5           94          3.1
  7720      11.0      174.4           94         11.1
  7730      27.7      174.2           94         18.9
  7740       7.8      173.9           93         31.4
  7750      24.4      173.5           93         37.8
  7760      11.2      173.0           93         62.0
  7770      19.4      172.3           92         72.1
  7780      10.8      171.6           91         84.1
  7790      19.0      170.8           90         93.4
  7800      14.5      169.8           89        106.4
  7810      18.4      168.8           88        118.4
  7820      17.2      167.6           87        120.0
  7830      17.7      166.3           86        133.1
  7840      15.2      164.9           84        145.8
  7850      19.2      163.4           83        149.0
  7860      22.1      161.9           81        149.6
  7870      24.1      160.4           80        149.8
  7880      24.6      158.9           78        149.6
  7890      27.1      157.4           77        150.1
  7900      26.4      155.9           75        150.1
  7910      28.4      154.4           74        150.1
  7920      29.4      152.9           72        150.1
  7930      32.6      151.4           71        150.1
  7940      35.3      149.9           69        150.4
  7950      37.5      148.4           68        150.4
  7960      38.8      146.9           66        150.4
  7970      40.4      145.4           65        150.4
  7980      41.1      143.9           63        150.4
  7990      42.1      142.4           62        150.6
  8000      44.0      140.9           60        150.4
  8010      44.9      139.4           59        150.6
  8020      45.4      137.9           57        150.1
  8030      45.7      136.4           56        150.4
  8040      46.6      134.9           54        150.6
  8050      48.0      133.4           53        150.6
  8060      48.3      131.9           51        150.1
  8070      48.7      130.4           50        150.6
  8080      49.0      128.9           48        150.4
  8090      48.3      127.4           47        150.4
  8100      48.1      125.9           45        150.4
  8110      47.9      124.3           44        150.6
  8120      47.9      122.8           42        150.4
  8130      46.3      121.3           41        150.1
  8140      45.1      119.8           39        150.1
  8150      43.4      118.3           38        150.1
  8160      42.6      116.8           36        149.8
  8170      41.4      115.3           35        149.8
  8180      38.4      113.9           33        149.6
  8190      34.0      112.4           32        149.3
  8200      29.4      110.9           30        149.3
  8210      23.6      109.4           29        149.0
  8220      24.3      107.9           27        149.0
  8230      28.2      106.4           26        149.3
  8240      31.1      104.9           24        149.8
  8250      32.6      103.4           23        149.8
  8260      32.0      101.9           21        150.1
  8270      32.1      100.4           20        149.8
  8280      29.7       98.9           18        149.8
  8290      27.8       97.4           17        149.6
  8300      23.3       95.9           15        149.3
  8310      18.9       94.4           14        149.3
  8320      16.7       92.9           12        149.0
  8330      15.9       91.4           11        149.3
  8340     -20.7       90.0           10        147.2
  8350      19.4       88.7            8        132.0
  8360      21.8       87.7            7        100.8
  8370      33.4       86.9            6         79.3
  8380      33.9       86.4            6         60.1
  8390      26.1       85.9            5         41.5
  8400      18.9       85.6            5         27.6
  8410      16.8       85.3            5         23.4
  8420     -16.6       85.2            5         15.9
  8430     -17.1       85.0            5         11.9
  8440     -17.1       84.9            4          9.3
  8450     -29.7       84.8            4          5.0
  8460      -0.8       84.9            4         -4.5
  8470       0.0       85.0            5        -17.3
  8480       0.0       85.2            5        -26.8
  8490       0.0       85.6            5        -36.7
  8500       0.0       86.0            6        -38.3
  8510       0.0       86.4            6        -42.8
  8520       0.0       87.0            7        -49.2
  8530       0.0       87.6            7        -56.9
  8540       0.0       88.3            8        -64.9
  8550       0.0       89.1            9        -80.6
  8560       0.0       89.9            9        -97.4
  8570       0.0       90.9           10        -98.5
  8580       0.0       92.0           12       -108.3
  8590       0.0       93.1           13       -119.5
  8600       0.0       94.4           14       -130.9
  8610       0.0       95.8           15       -141.6
  8620      -0.8       97.3           17       -149.0
  8630      -5.1       98.8           18       -149.3
  8640      -8.4      100.3           20       -149.3
  8650     -10.7      101.8           21       -149.8
  8660     -12.4      103.3           23       -149.8
  8670     -12.7      104.8           24       -150.1
  8680     -13.4      106.3           26       -149.8
  8690     -13.1      107.8           27       -149.8
  8700     -12.8      109.3           29       -149.8
  8710     -12.2      110.8           30       -149.6
  8720     -11.7      112.3           32       -149.8
  8730     -11.5      113.8           33       -149.6
  8740     -11.3      115.3           35       -149.8
  8750     -11.5      116.8           36       -149.3
  8760     -10.8      118.3           38       -149.6
  8770     -10.6      119.8           39       -149.6
  8780     -10.4      121.3           41       -149.6
  8790      -9.9      122.7           42       -149.6
  8800      -8.8      124.2           44       -149.0
  8810      -8.6      125.7           45       -149.6
  8820      -8.4      127.2           47       -149.6
  8830      -7.0      128.7           48       -149.6
  8840      -6.6      130.2           50       -149.3
  8850      -6.3      131.7           51       -149.6
  8860      -6.1      133.2           53       -149.6
  8870      -5.5      134.7           54       -149.0
  8880      -4.5      136.2           56       -149.6
  8890      -4.2      137.7           57       -149.3
  8900      -3.8      139.2           59       -149.6
  8910      -4.1      140.7           60       -149.3
  8920      -3.7      142.2           62       -149.6
  8930      -3.0      143.7           63       -149.3
  8940      -2.5      145.2           65       -149.3
  8950      -1.8      146.7           66       -149.6
  8960      -2.1      148.2           68       -149.3
  8970      -2.0      149.7           69       -149.8
  8980      -2.4      151.2           71       -149.3
  8990      -1.7      152.7           72       -149.6
  9000      -1.7      154.2           74       -149.3
  9010      -1.1      155.7           75       -149.3
  9020      -1.0      157.2           77       -149.6
  9030      -0.9      158.6           78       -149.0
  9040      -1.0      160.1           80       -149.6
  9050      -1.2      161.6           81       -149.0
  9060      -1.6      163.1           83       -149.8
  9070      -2.2      164.6           84       -149.3
  9080      -1.7      166.1           86       -149.6
  9090       0.0      167.6           87       -149.6
  9100       0.0      169.1           89       -148.5
  9110      -1.0      170.4           90       -134.9
  9120      -5.8      171.4           91       -103.2
  9130     -14.0      172.2           92        -79.8
  9140     -13.8      172.8           92        -60.6
  9150     -11.1      173.2           93        -46.8
  9160      -4.0      173.6           93        -34.8
  9170      -2.1      173.8           93        -26.6
  9180       0.0      174.0           94        -19.9
  9190       0.0      174.2           94        -15.1
  9200       0.0      174.3           94        -11.4
  9210       0.0      174.4           94         -8.7
  9220       0.6      174.4           94         -5.8
  9230       0.0      174.5           94         -3.1
  9240      14.6      174.5           94         -1.0
  9250      17.3      174.4           94          7.9
  9260      16.2      174.3           94         18.3
  9270      19.3      174.0           94         33.5
  9280      21.2      173.6           93         46.8
  9290      23.7      173.0           93         63.0
  9300      14.3      172.3           92         80.1
  9310      21.1      171.5           91         90.7
  9320      18.4      170.6           90        105.9
  9330      20.2      169.5           89        120.5
  9340      21.4      168.3           88        124.3
  9350      25.7      167.0           87        140.8
  9360      27.4      165.5           85        149.0
  9370      32.0      164.0           84        149.8
  9380      36.1      162.5           82        149.6
  9390      37.1      161.0           81        150.1
  9400      38.9      159.5           79        150.1
  9410      37.3      158.0           78        150.4
  9420      38.3      156.5           76        149.8
  9430      40.0      155.0           75        150.1
  9440      42.7      153.5           73        150.4
  9450      45.7      152.0           72        150.4
  9460      47.8      150.5           70        150.6
  9470      49.9      148.9           68        150.4
  9480      50.3      147.4           67        150.6
  9490      51.0      145.9           65        150.9
  9500      51.4      144.4           64        150.6
  9510      51.8      142.9           62        150.4
  9520      52.3      141.4           61        150.6
  9530      52.3      139.9           59        150.4
  9540      52.6      138.4           58        150.6
  9550      51.8      136.9           56        150.6
  9560      51.7      135.4           55        150.6
  9570      52.0      133.9           53        150.6
  9580      52.4      132.4           52        150.6
  9590      51.1      130.9           50        150.1
  9600      50.6      129.4           49        150.6
  9610      49.2      127.9           47        150.1
  9620      47.5      126.4           46        150.1
  9630      45.7      124.9           44        149.6
  9640      44.0      123.4           43        149.6
  9650      42.1      121.9           41        149.6
  9660      40.4      120.4           40        149.8
  9670      38.6      118.9           38        149.3
  9680      37.8      117.4           37        149.6
  9690      37.1      115.9           35        149.3
  9700      36.9      114.4           34        149.3
  9710      35.5      112.9           32        149.3
  9720      33.4      111.4           31        149.3
  9730      30.3      109.9           29        149.6
  9740      28.5      108.4           28        149.3
  9750      27.0      106.9           26        149.3
  9760      25.2      105.4           25        149.0
  9770      23.4      103.9           23        149.0
  9780      22.0      102.4           22        149.3
  9790      20.3      100.9           20        149.3
  9800      18.8       99.5           19        149.3
  9810      17.3       98.0           18        149.3
  9820      16.7       96.5           16        149.3
  9830      16.9       95.0           15        149.3
  9840     -17.0       93.5           13        149.6
  9850     -19.8       92.0           12        146.1
  9860     -18.3       90.6           10        139.2
  9870     -17.4       89.3            9        139.2
  9880      17.4       88.2            8        108.3
  9890      17.7       87.4            7         84.3
  9900      25.8       86.8            6         66.8
  9910      24.6       86.3            6         52.1
  9920      19.8       85.9            5         40.1
  9930      18.4       85.6            5         30.8
  9940      16.8       85.4            5         24.2
  9950     -17.7       85.2            5         18.6
  9960     -17.1       85.1            5         14.3
  9970     -22.9       85.0            5         10.3
  9980     -34.8       84.9            4          1.0
  9990      -1.9       85.0            5         -9.8
 10000       0.0       85.2            5        -25.2
 10010       0.0       85.5            5        -37.5
 10020       0.0       85.9            5        -43.1
 10030       0.0       86.4            6        -44.7
 10040       0.0       86.9            6        -52.1
 10050       0.0       87.6            7        -60.1
 10060       0.0       88.3            8        -74.5
 10070       0.0       89.2            9        -82.2
 10080       0.0       90.1           10        -91.5
 10090       0.0       91.0           11       -100.3
 10100       0.0       92.1           12       -109.6
 10110       0.0       93.3           13       -120.8
 10120       0.0       94.6           14       -131.5
 10130       0.0       96.0           16       -142.6
 10140      -0.9       97.5           17       -149.0
 10150      -5.2       99.0           19       -149.6
 10160      -7.6      100.4           20       -149.6
 10170      -9.8      101.9           21       -150.1
 10180     -11.4      103.4           23       -149.8
 10190     -12.2      104.9           24       -150.4
 10200     -12.6      106.4           26       -150.4
 10210     -12.6      107.9           27       -150.1
 10220     -12.0      109.4           29       -149.8
 10230     -12.0      110.9           30       -149.6
 10240     -11.8      112.4           32       -150.1
 10250     -11.5      113.9           33       -149.8
 10260     -10.7      115.4           35       -150.1
 10270     -10.5      116.9           36       -149.6
 10280     -10.3      118.4           38       -149.8
 10290      -9.6      119.9           39       -149.6
 10300     -10.1      121.4           41       -149.8
 10310     -10.1      122.9           42       -150.1
 10320      -9.9      124.4           44       -149.3
 10330      -9.6      125.9           45       -149.8
 10340      -9.1      127.4           47       -149.6
 10350      -8.3      128.9           48       -149.8
 10360      -7.9      130.4           50       -149.6
 10370      -8.2      131.9           51       -149.6
 10380      -7.7      133.4           53       -149.8
 10390      -7.6      134.9           54       -149.3
 10400      -6.5      136.4           56       -149.8
 10410      -5.7      137.9           57       -149.6
 10420      -5.1      139.4           59       -149.8
 10430      -5.4      140.9           60       -149.6
 10440      -5.3      142.4           62       -149.6
 10450      -4.7      143.9           63       -149.8
 10460      -4.5      145.4           65       -149.3
 10470      -3.2      146.9           66       -149.6
 10480      -2.8      148.4           68       -149.3
 10490      -2.0      149.8           69       -149.8
 10500      -1.9      151.3           71       -149.3
 10510      -1.4      152.8           72       -149.6
 10520      -0.7      154.3           74       -149.3
 10530      -0.1      155.8           75       -149.3
 10540      -0.2      157.3           77       -149.6
 10550      -0.6      158.8           78       -149.6
 10560      -0.8      160.3           80       -149.6
 10570      -1.2      161.8           81       -149.6
 10580      -1.6      163.3           83       -149.8
 10590       0.0      164.8           84       -149.3
 10600       0.2      166.3           86       -148.5
 10610       7.6      167.8           87       -145.8
 10620       6.9      169.1           89       -136.3
 10630      -1.5      170.3           90       -124.3
 10640       0.0      171.3           91        -97.1
 10650       0.1      172.0           92        -75.3
 10660      -0.2      172.6           92        -60.1
 10670      -0.2      173.0           93        -47.1
 10680      -1.6      173.4           93        -37.2
 10690       0.0      173.7           93        -29.0
 10700       0.0      173.9           93        -22.3
 10710       0.0      174.1           94        -17.5
 10720       0.0      174.2           94        -13.8
 10730       2.6      174.3           94         -9.8
 10740      10.5      174.3           94         -2.6
 10750       9.4      174.3           94          3.7
 10760      25.6      174.2           94         12.7
 10770      10.6      174.0           94         25.5
 10780      23.4      173.6           93         34.3
 10790      15.4      173.2           93         52.7
 10800      20.0      172.6           92         65.4
 10810      15.1      171.9           91         78.5
 10820      20.6      171.1           91         90.5
 10830      18.3      170.2           90        105.4
 10840      20.0      169.2           89        119.8
 10850      19.7      168.0           88        122.9
 10860      20.9      166.6           86        137.9
 10870      20.7      165.2           85        148.5
 10880      27.4      163.7           83        149.0
 10890      31.9      162.2           82        149.6
 10900      35.1      160.7           80        150.1
 10910      39.6      159.2           79        150.1
 10920      40.0      157.7           77        150.4
 10930      40.4      156.2           76        150.1
 10940      42.5      154.6           74        150.4
 10950      45.0      153.1           73        150.6
 10960      48.5      151.6           71        150.1
 10970      52.0      150.1           70        150.6
 10980      55.0      148.6           68        150.6
 10990      56.9      147.1           67        151.2
 11000      58.0      145.6           65        150.9
 11010      60.4      144.1           64        150.9
 11020      61.9      142.6           62        151.2
 11030      62.8      141.1           61        150.9
 11040      62.9      139.5           59        150.9
 11050      61.9      138.0           58        150.6
 11060      59.7      136.5           56        150.4
 11070      58.6      135.0           55        150.4
 11080      56.8      133.5           53        150.4
 11090      56.6      132.0           52        150.6
 11100      54.9      130.5           50        150.1
 11110      53.1      129.0           49        150.4
 11120      51.4      127.5           47        150.1
 11130      50.2      126.0           46        150.1
 11140      49.0      124.5           44        149.8
 11150      48.2      123.0           43        149.8
 11160      46.2      121.5           41        149.6
 11170      44.4      120.0           40        149.6
 11180      41.3      118.5           38        149.6
 11190      39.5      117.0           37        149.3
 11200      37.2      115.5           35        149.3
 11210      33.8      114.0           34        148.8
 11220      30.4      112.5           32        149.0
 11230      26.4      111.0           31        148.8
 11240      24.6      109.5           29        148.8
 11250      23.8      108.0           28        149.0
 11260      24.0      106.6           26        148.8
 11270      24.2      105.1           25        149.0
 11280      23.5      103.6           23        149.3
 11290      22.5      102.1           22        149.3
 11300      20.6      100.6           20        149.3
 11310      18.8       99.1           19        149.0
 11320      16.6       97.6           17        149.3
 11330      16.4       96.1           16        149.0
 11340     -18.5       94.6           14        149.0
 11350     -19.4       93.1           13        144.0
 11360     -17.2       91.7           11        138.1
 11370     -17.5       90.4           10        135.7
 11380     -19.7       89.2            9        107.0
 11390     -17.5       88.2            8         83.5
 11400     -15.9       87.4            7         65.7
 11410      16.2       86.8            6         51.9
 11420      16.2       86.3            6         40.4
 11430     -15.8       85.9            5         31.6
 11440     -17.7       85.6            5         24.7
 11450     -21.3       85.4            5         18.6
 11460     -24.4       85.2            5         13.8
 11470     -27.1       85.1            5          7.4
 11480       0.0       85.1            5         -1.0
 11490       0.0       85.2            5         -7.9
 11500       0.0       85.3            5        -17.0
 11510       0.0       85.6            5        -28.2
 11520       0.0       85.9            5        -34.0
 11530       0.0       86.3            6        -38.3
 11540       0.0       86.8            6        -56.4
 11550       0.0       87.3            7        -54.3
 11560       0.0       88.0            8        -69.2
 11570       0.0       88.8            8        -85.7
 11580       0.0       89.7            9        -95.0
 11590       0.0       90.6           10        -96.9
 11600       0.0       91.6           11       -106.2
 11610       0.0       92.8           12       -115.8
 11620       0.0       94.0           14       -126.1
 11630       0.0       95.3           15       -136.0
 11640       0.0       96.8           16       -146.6
 11650      -2.2       98.3           18       -149.0
 11660      -5.5       99.8           19       -149.3
 11670      -9.0      101.3           21       -149.8
 11680     -11.3      102.8           22       -150.1
 11690     -12.6      104.3           24       -150.4
 11700     -13.9      105.8           25       -150.1
 11710     -14.1      107.3           27       -150.6
 11720     -14.3      108.8           28       -150.1
 11730     -14.0      110.3           30       -150.1
 11740     -13.8      111.8           31       -149.8
 11750     -13.6      113.3           33       -149.8
 11760     -13.2      114.8           34       -149.8
 11770     -12.7      116.3           36       -149.8
 11780     -11.8      117.8           37       -149.8
 11790     -11.8      119.3           39       -149.3
 11800     -11.3      120.8           40       -149.6
 11810     -12.1      122.3           42       -149.6
 11820     -11.9      123.8           43       -149.6
 11830     -10.7      125.3           45       -149.8
 11840     -10.4      126.8           46       -149.3
 11850      -9.2      128.2           48       -149.6
 11860      -9.6      129.7           49       -149.3
 11870      -8.8      131.2           51       -149.8
 11880      -9.2      132.7           52       -149.6
 11890      -8.4      134.2           54       -149.8
 11900      -8.3      135.7           55       -149.6
 11910      -7.7      137.2           57       -149.3
 11920      -6.4      138.7           58       -149.6
 11930      -7.8      140.2           60       -149.8
 11940      -7.7      141.7           61       -150.1
 11950      -7.6      143.2           63       -149.6
 11960      -6.4      144.7           64       -149.8
 11970      -5.6      146.2           66       -149.6
 11980      -4.6      147.7           67       -149.8
 11990      -4.5      149.2           69       -149.8
 12000      -4.2      150.7           70       -149.3
 12010      -3.8      152.2           72       -149.8
 12020      -3.4      153.7           73       -149.3
 12030      -2.4      155.2           75       -149.8
 12040      -1.8      156.7           76       -149.0
 12050      -1.2      158.2           78       -149.8
 12060      -0.7      159.7           79       -149.6
 12070      -1.1      161.2           81       -149.6
 12080      -1.7      162.6           82       -149.8
 12090      -1.9      164.1           84       -149.6
 12100      -1.8      165.6           85       -149.8
 12110       0.0      167.1           87       -149.6
 12120       0.0      168.6           88       -148.8
 12130       0.7      170.0           90       -121.3
 12140      -0.8      171.1           91        -91.8
 12150      -0.2      171.9           91        -70.2
 12160      -1.8      172.6           92        -53.7
 12170      -5.9      173.1           93        -50.8
 12180      -4.8      173.4           93        -38.8
 12190      -1.2      173.7           93        -29.5
 12200      -2.1      174.0           94        -22.3
 12210       0.0      174.1           94        -17.0
 12220       0.0      174.2           94        -12.7
 12230       0.0      174.3           94         -9.8
 12240       6.3      174.4           94         -5.3
 12250      15.2      174.4           94          1.3
 12260      15.2      174.3           94          8.5
 12270      26.6      174.2           94         20.7
 12280      13.0      173.9           93         33.5
 12290      19.2      173.5           93         39.4
 12300      17.5      173.0           93         50.0
 12310      15.7      172.3           92         60.6
 12320      15.0      171.6           91         69.7
 12330      16.8      170.7           90         78.5
 12340      18.0      169.7           89        109.4
 12350      16.2      168.6           88        122.9
 12360      17.9      167.4           87        123.5
 12370      16.0      166.1           86        136.5
 12380      16.4      164.6           84        147.2
 12390      19.7      163.2           83        149.0
 12400      22.8      161.7           81        149.3
 12410      26.8      160.2           80        149.8
 12420      28.8      158.7           78        150.1
 12430      33.3      157.2           77        150.1
 12440      36.3      155.7           75        150.6
 12450      39.0      154.2           74        150.4
 12460      40.9      152.6           72        150.6
 12470      43.4      151.1           71        150.6
 12480      44.4      149.6           69        150.6
 12490      46.2      148.1           68        150.6
 12500      47.7      146.6           66        150.9
 12510      49.7      145.1           65        150.9
 12520      52.2      143.6           63        150.9
 12530      54.1      142.1           62        151.2
 12540      55.1      140.6           60        150.9
 12550      55.5      139.1           59        151.2
 12560      55.3      137.6           57        150.9
 12570      54.6      136.1           56        150.9
 12580      53.9      134.6           54        150.9
 12590      52.3      133.0           53        150.6
 12600      50.3      131.5           51        150.4
 12610      47.3      130.0           50        150.1
 12620      44.8      128.5           48        150.1
 12630      42.1      127.0           47        149.8
 12640      39.9      125.5           45        149.8
 12650      39.2      124.1           44        149.6
 12660      36.3      122.6           42        149.6
 12670      35.6      121.1           41        149.6
 12680      34.3      119.6           39        149.3
 12690      33.1      118.1           38        149.6
 12700      31.3      116.6           36        149.3
 12710      30.9      115.1           35        149.3
 12720      29.1      113.6           33        149.6
 12730      27.3      112.1           32        149.6
 12740      25.5      110.6           30        149.3
 12750      23.6      109.1           29        149.3
 12760      21.8      107.6           27        149.3
 12770      21.7      106.1           26        149.0
 12780      19.1      104.6           24        149.3
 12790      18.2      103.1           23        149.3
 12800      16.3      101.6           21        149.3
 12810      16.3      100.2           20        149.3
 12820      16.2       98.7           18        149.3
 12830     -19.0       97.2           17        148.8
 12840     -15.2       95.7           15        144.0
 12850     -15.2       94.3           14        140.5
 12860     -15.4       92.9           12        139.5
 12870     -20.3       91.5           11        137.3
 12880     -28.8       90.2           10        132.3
 12890     -18.5       89.0            9        122.1
 12900     -19.0       88.1            8         96.9
 12910     -17.5       87.3            7         76.1
 12920      16.7       86.8            6         60.9
 12930      16.2       86.3            6         48.1
 12940      16.2       85.9            5         37.8
 12950     -21.3       85.6            5         29.0
 12960     -24.2       85.4            5         21.5
 12970     -26.3       85.3            5         14.1
 12980     -29.6       85.2            5          4.5
 12990       0.0       85.3            5         -4.2
 13000       0.0       85.4            5        -15.9
 13010       0.0       85.6            5        -20.2
 13020       0.0       85.9            5        -30.8
 13030       0.0       86.2            6        -39.1
 13040       0.0       86.7            6        -52.1
 13050       0.0       87.2            7        -62.2
 13060       0.0       87.9            7        -72.9
 13070       0.0       88.6            8        -83.0
 13080       0.0       89.4            9        -83.8
 13090       0.0       90.3           10        -93.1
 13100       0.0       91.3           11       -102.2
 13110       0.0       92.4           12       -110.7
 13120       0.0       93.6           13       -120.0
 13130       0.0       94.9           14       -128.8
 13140       0.0       96.2           16       -138.9
 13150      -0.9       97.7           17       -147.7
 13160      -5.7       99.2           19       -149.0
 13170     -10.0      100.7           20       -149.3
 13180     -13.2      102.2           22       -150.1
 13190     -15.4      103.7           23       -150.1
 13200     -15.3      105.2           25       -150.1
 13210     -14.0      106.7           26       -150.1
 13220     -14.0      108.2           28       -149.6
 13230     -14.2      109.7           29       -149.8
 13240     -15.8      111.2           31       -149.8
 13250     -16.4      112.7           32       -150.1
 13260     -16.2      114.2           34       -149.6
 13270     -15.0      115.7           35       -149.8
 13280     -14.3      117.2           37       -149.6
 13290     -13.4      118.7           38       -149.3
 13300     -12.7      120.2           40       -149.3
 13310     -12.5      121.7           41       -149.6
 13320     -12.6      123.2           43       -149.8
 13330     -12.1      124.7           44       -149.3
 13340     -11.1      126.2           46       -149.3
 13350     -10.6      127.7           47       -149.6
 13360     -11.0      129.2           49       -149.6
 13370     -11.6      130.7           50       -149.6
 13380     -13.2      132.2           52       -149.8
 13390     -13.1      133.7           53       -149.6
 13400     -14.0      135.2           55       -149.3
 13410     -13.4      136.7           56       -149.8
 13420     -13.6      138.2           58       -149.6
 13430     -13.5      139.6           59       -149.8
 13440     -13.2      141.1           61       -149.6
 13450     -12.9      142.6           62       -149.6
 13460     -12.5      144.1           64       -149.6
 13470     -11.6      145.6           65       -149.3
 13480     -11.4      147.1           67       -149.6
 13490     -11.9      148.6           68       -149.3
 13500     -11.5      150.1           70       -149.6
 13510     -11.6      151.6           71       -149.6
 13520     -11.3      153.1           73       -149.3
 13530     -10.1      154.6           74       -149.6
 13540      -9.8      156.1           76       -149.0
 13550      -8.7      157.6           77       -149.3
 13560      -8.8      159.1           79       -149.0
 13570      -7.1      160.6           80       -149.6
 13580      -6.0      162.1           82       -149.0
 13590      -4.8      163.6           83       -149.3
 13600      -3.4      165.1           85       -149.3
 13610      -1.5      166.6           86       -149.0
 13620      -1.1      168.1           88       -149.3
 13630      -0.7      169.5           89       -161.3
 13640      -4.4      170.8           90       -126.1
 13650     -11.5      171.7           91        -97.4
 13660     -10.0      172.4           92        -73.7
 13670      -5.9      173.0           93        -55.6
 13680       0.0      173.4           93        -42.5
 13690       0.0      173.7           93        -31.9
 13700       0.0      173.9           93        -24.2
 13710       0.0      174.1           94        -17.0
 13720       0.0      174.2           94        -11.4
 13730       0.0      174.3           94         -8.5
 13740       3.7      174.4           94         -6.3
 13750      13.1      174.4           94         -0.5
 13760      14.1      174.4           94          5.5
 13770      21.2      174.3           94         13.3
 13780      13.1      174.1           94         29.5
 13790      16.9      173.7           93         35.4
 13800      19.0      173.3           93         51.6
 13810      15.8      172.7           92         65.7
 13820      14.6      172.1           92         70.0
 13830      16.2      171.3           91         71.6
 13840      18.2      170.4           90         89.4
 13850      15.9      169.4           89         93.1
 13860      19.7      168.2           88        115.0
 13870      18.4      167.0           87        129.3
 13880      19.0      165.6           85        143.2
 13890      20.7      164.1           84        148.5
 13900      24.0      162.6           82        149.3
 13910      25.8      161.1           81        149.6
 13920      27.0      159.6           79        149.6
 13930      28.7      158.1           78        149.8
 13940      29.4      156.6           76        149.8
 13950      30.3      155.1           75        150.1
 13960      32.2      153.6           73        150.4
 13970      33.7      152.1           72        150.1
 13980      34.1      150.6           70        150.1
 13990      35.3      149.1           69        149.8
 14000      36.0      147.6           67        150.1
 14010      36.4      146.1           66        150.1
 14020      37.3      144.6           64        150.1
 14030      37.7      143.1           63        150.1
 14040      38.1      141.6           61        150.1
 14050      38.5      140.1           60        149.8
 14060      38.9      138.6           58        150.1
 14070      39.3      137.1           57        150.1
 14080      39.6      135.6           55        150.1
 14090      40.0      134.1           54        150.1
 14100      40.3      132.6           52        149.8
 14110      40.2      131.1           51        150.1
 14120      40.4      129.6           49        149.8
 14130      39.8      128.1           48        150.1
 14140      39.1      126.6           46        149.6
 14150      37.8      125.1           45        149.6
 14160      37.6      123.6           43        149.6
 14170      36.4      122.1           42        149.8
 14180      34.1      120.6           40        149.8
 14190      33.9      119.2           39        149.6
 14200      33.0      117.7           37        149.6
 14210      30.5      116.2           36        149.6
 14220      29.5      114.7           34        149.6
 14230      27.2      113.2           33        149.6
 14240      25.3      111.7           31        149.3
 14250      23.5      110.2           30        149.3
 14260      21.6      108.7           28        149.3
 14270      19.7      107.2           27        149.3
 14280      18.5      105.7           25        149.3
 14290      16.6      104.2           24        149.3
 14300      16.2      102.7           22        149.6
 14310      16.2      101.2           21        149.6
 14320      15.0       99.7           19        149.8
 14330     -18.1       98.3           18        147.7
 14340     -16.2       96.8           16        141.6
 14350     -15.1       95.4           15        140.0
 14360     -17.0       94.0           14        138.9
 14370     -18.2       92.7           12        134.9
 14380     -25.9       91.3           11        130.7
 14390     -29.9       90.1           10        121.3
 14400     -23.7       89.0            9        111.5
 14410     -22.6       88.2            8         89.9
 14420     -17.5       87.5            7         73.2
 14430      15.6       86.9            6         59.9
 14440     -16.5       86.5            6         48.1
 14450     -21.2       86.1            6         38.3
 14460     -24.2       85.8            5         29.8
 14470     -28.0       85.6            5         21.2
 14480     -30.7       85.5            5         10.1
 14490       0.0       85.5            5         -2.9
 14500       0.0       85.5            5         -9.0
 14510       0.0       85.7            5        -19.1
 14520       0.0       86.0            6        -32.7
 14530       0.0       86.4            6        -38.3
 14540       0.0       86.8            6        -47.1
 14550       0.0       87.4            7        -60.1
 14560       0.0       88.0            8        -70.8
 14570       0.0       88.7            8        -66.8
 14580       0.0       89.5            9        -84.6
 14590       0.0       90.4           10        -96.6
 14600       0.0       91.5           11       -107.2
 14610       0.0       92.6           12       -117.4
 14620       0.0       93.9           13       -128.3
 14630       0.0       95.3           15       -138.1
 14640       0.0       96.7           16       -148.2
 14650      -4.1       98.2           18       -149.0
 14660      -8.4       99.7           19       -149.8
 14670     -11.6      101.2           21       -149.8
 14680     -12.9      102.7           22       -150.1
 14690     -12.1      104.2           24       -150.1
 14700     -11.5      105.7           25       -149.6
 14710     -11.0      107.2           27       -150.1
 14720     -11.8      108.7           28       -149.6
 14730     -12.4      110.2           30       -149.8
 14740     -13.3      111.7           31       -149.6
 14750     -13.9      113.2           33       -150.1
 14760     -13.8      114.7           34       -150.1
 14770     -13.2      116.2           36       -149.8
 14780     -12.3      117.7           37       -150.1
 14790     -11.4      119.2           39       -149.3
 14800     -10.7      120.7           40       -149.6
 14810     -10.9      122.2           42       -149.8
 14820     -10.6      123.7           43       -149.3
 14830      -9.5      125.2           45       -149.6
 14840      -9.1      126.7           46       -149.0
 14850      -7.6      128.2           48       -149.6
 14860      -8.0      129.7           49       -149.3
 14870      -7.7      131.2           51       -149.8
 14880      -8.1      132.6           52       -149.3
 14890      -7.5      134.1           54       -149.8
 14900      -7.8      135.6           55       -149.3
 14910      -7.1      137.1           57       -149.6
 14920      -7.0      138.6           58       -149.6
 14930      -7.4      140.1           60       -149.3
 14940      -7.2      141.6           61       -149.6
 14950      -6.8      143.1           63       -149.3
 14960      -6.4      144.6           64       -149.6
 14970      -6.3      146.1           66       -149.6
 14980      -5.6      147.6           67       -149.6
 14990      -5.6      149.1           69       -149.8
 15000      -5.4      150.6           70       -149.3
 15010      -4.6      152.1           72       -149.8
 15020      -4.1      153.6           73       -149.0
 15030      -2.7      155.1           75       -149.8
 15040      -2.9      156.6           76       -149.3
 15050      -1.7      158.1           78       -149.6
 15060      -1.1      159.6           79       -149.3
 15070      -1.2      161.1           81       -149.3
 15080      -1.5      162.6           82       -149.6
 15090      -1.8      164.1           84       -149.3
 15100       1.7      165.6           85       -149.3
 15110       0.0      167.0           87       -148.0
 15120       0.0      168.5           88       -148.5
 15130       6.7      169.9           89       -122.1
 15140       0.0      171.0           91        -93.7
 15150       0.0      171.9           91        -71.8
 15160       3.9      172.5           92        -54.3
 15170       0.9      173.0           93        -41.5
 15180       1.3      173.4           93        -31.9
 15190       5.4      173.7           93        -23.9
 15200       8.0      173.9           93        -17.3
 15210       9.0      174.0           94        -10.6
 15220      11.5      174.1           94         -1.0
 15230      19.3      174.0           94          5.8
 15240      19.2      173.9           93         17.0
 15250      20.2      173.6           93         35.1
