b, j  nb
6/7/2010 10:02:56 AM
Set #2

  TIME    TORQUE   POSITION    POS (ANAT)    VELOCITY
  mSec    FT-LBS    Degrees      Degrees       DEG/SEC
     0       0.0      176.4          101         -1.3
    10      19.5      176.3          101          9.8
    20      21.6      176.2          101         21.2
    30      27.8      175.8          100         33.2
    40      20.9      175.3          100         47.9
    50      28.6      174.7           99         62.2
    60      32.7      173.9           98         79.3
    70      33.4      172.8           97         98.7
    80      31.8      171.6           96        119.2
    90      31.9      170.1           95        145.6
   100      34.7      168.6           93        148.0
   110      37.5      167.1           92        149.0
   120      38.2      165.6           90        149.8
   130      39.2      164.1           89        150.1
   140      40.6      162.6           87        150.4
   150      42.9      161.1           86        150.1
   160      44.3      159.6           84        150.4
   170      45.1      158.1           83        150.4
   180      45.9      156.6           81        150.4
   190      45.2      155.1           80        150.6
   200      45.6      153.6           78        150.4
   210      44.9      152.1           77        150.4
   220      45.9      150.6           75        150.6
   230      46.5      149.0           74        150.6
   240      46.8      147.5           72        150.6
   250      47.1      146.0           71        150.4
   260      46.8      144.5           69        150.4
   270      46.7      143.0           68        150.4
   280      47.0      141.5           66        150.4
   290      47.2      140.0           65        150.1
   300      46.9      138.5           63        150.4
   310      47.2      137.0           62        150.4
   320      47.5      135.5           60        149.8
   330      47.3      134.0           59        150.4
   340      47.5      132.5           57        149.8
   350      46.2      131.0           56        150.1
   360      45.0      129.5           54        149.8
   370      44.1      128.0           53        149.6
   380      42.4      126.5           51        149.3
   390      41.0      125.0           50        149.3
   400      40.7      123.5           48        149.3
   410      39.9      122.0           47        149.0
   420      39.0      120.5           45        149.3
   430      38.1      119.0           44        149.0
   440      37.9      117.6           42        149.3
   450      37.2      116.1           41        149.0
   460      36.3      114.6           39        149.0
   470      35.3      113.1           38        149.0
   480      34.2      111.6           36        149.0
   490      33.1      110.1           35        149.0
   500      32.0      108.6           33        148.8
   510      30.9      107.1           32        149.0
   520      29.5      105.6           30        148.8
   530      28.6      104.1           29        148.8
   540      27.3      102.6           27        149.0
   550      25.8      101.1           26        149.0
   560      24.8       99.7           24        149.0
   570      24.9       98.3           23        130.4
   580      32.3       97.0           22        127.7
   590      34.5       96.1           21         88.6
   600      34.7       95.3           20         59.3
   610      33.6       94.8           19         43.1
   620      31.3       94.4           19         35.4
   630      27.0       94.2           19         25.0
   640      23.8       94.0           19         18.3
   650      21.2       93.8           18         12.5
   660      17.5       93.7           18          7.7
   670      13.9       93.7           18          6.3
   680      12.6       93.6           18          3.9
   690      11.3       93.6           18          2.9
   700     -12.0       93.6           18          2.3
   710     -12.8       93.6           18          1.5
   720      -2.5       93.6           18          0.2
   730      -1.5       93.6           18         -0.5
   740       0.0       93.6           18         -1.0
   750       0.0       93.6           18         -2.1
   760      -8.2       93.7           18        -11.1
   770      -9.9       93.9           18        -24.7
   780      -6.5       94.2           19        -40.4
   790      -7.0       94.6           19        -50.0
   800      -0.7       95.2           20        -56.9
   810       0.0       96.0           21        -65.7
   820      -0.1       96.7           21        -71.8
   830      -4.7       97.6           22        -78.5
   840      -7.8       98.5           23        -88.6
   850     -10.0       99.7           24       -112.0
   860     -10.3      100.9           25       -126.9
   870      -8.2      102.3           27       -142.1
   880     -11.0      103.8           28       -146.6
   890     -13.6      105.2           30       -148.2
   900     -14.9      106.7           31       -149.3
   910     -17.8      108.2           33       -149.6
   920     -18.1      109.7           34       -150.4
   930     -16.9      111.2           36       -149.8
   940     -15.8      112.7           37       -149.8
   950     -15.2      114.2           39       -149.3
   960     -15.0      115.7           40       -149.6
   970     -15.6      117.2           42       -149.6
   980     -15.5      118.7           43       -149.3
   990     -15.5      120.2           45       -149.6
  1000     -15.3      121.7           46       -149.3
  1010     -14.5      123.2           48       -149.8
  1020     -14.9      124.7           49       -149.0
  1030     -15.2      126.2           51       -149.8
  1040     -15.7      127.7           52       -149.3
  1050     -15.7      129.2           54       -149.8
  1060     -15.7      130.7           55       -149.8
  1070     -15.5      132.2           57       -149.6
  1080     -15.5      133.7           58       -149.8
  1090     -15.4      135.2           60       -149.6
  1100     -15.2      136.7           61       -149.8
  1110     -15.5      138.1           63       -149.3
  1120     -15.4      139.6           64       -149.8
  1130     -14.9      141.1           66       -149.6
  1140     -14.8      142.6           67       -149.6
  1150     -14.5      144.1           69       -149.6
  1160     -14.3      145.6           70       -149.3
  1170     -13.8      147.1           72       -149.8
  1180     -14.1      148.6           73       -149.3
  1190     -13.6      150.1           75       -149.8
  1200     -13.4      151.6           76       -149.6
  1210     -13.2      153.1           78       -149.6
  1220     -12.2      154.6           79       -149.3
  1230     -11.8      156.1           81       -149.3
  1240     -11.0      157.6           82       -149.6
  1250     -10.3      159.1           84       -149.3
  1260     -10.1      160.6           85       -149.6
  1270      -8.8      162.1           87       -149.0
  1280      -8.0      163.6           88       -149.3
  1290      -6.7      165.1           90       -148.8
  1300      -5.3      166.5           91       -149.0
  1310      -3.2      168.0           93       -148.8
  1320      -1.9      169.5           94       -148.8
  1330      -0.7      171.0           96       -149.3
  1340      -2.6      172.3           97       -118.4
  1350      -9.9      173.5           98       -111.0
  1360      -9.2      174.3           99        -77.4
  1370      -5.2      174.9           99        -50.8
  1380      -3.2      175.3          100        -45.2
  1390      -2.1      175.7          100        -30.6
  1400       0.0      175.9          100        -19.9
  1410       0.0      176.1          101        -17.5
  1420       1.9      176.2          101        -11.7
  1430       0.0      176.3          101         -7.1
  1440       0.0      176.3          101         -6.1
  1450      18.9      176.4          101         -1.8
  1460      18.8      176.3          101          7.4
  1470      19.5      176.2          101         18.3
  1480      21.0      175.9          100         29.0
  1490      20.5      175.5          100         45.7
  1500      27.1      175.0          100         61.4
  1510      26.9      174.3           99         80.1
  1520      26.3      173.4           98        100.0
  1530      25.8      172.4           97        120.0
  1540      26.3      171.2           96        139.7
  1550      27.1      169.8           94        142.6
  1560      30.8      168.3           93        146.6
  1570      34.8      166.8           91        148.2
  1580      37.1      165.3           90        149.3
  1590      38.9      163.8           88        149.8
  1600      41.7      162.3           87        150.4
  1610      43.1      160.8           85        150.6
  1620      42.3      159.3           84        150.4
  1630      39.9      157.8           82        149.8
  1640      37.7      156.3           81        149.6
  1650      36.6      154.8           79        149.8
  1660      36.6      153.3           78        149.3
  1670      36.9      151.8           76        149.6
  1680      37.8      150.4           75        149.8
  1690      39.2      148.9           73        149.8
  1700      41.6      147.4           72        150.4
  1710      42.9      145.8           70        150.4
  1720      43.2      144.3           69        150.6
  1730      43.2      142.8           67        150.1
  1740      42.3      141.3           66        150.1
  1750      42.0      139.8           64        149.8
  1760      41.3      138.3           63        149.6
  1770      41.6      136.8           61        149.8
  1780      42.6      135.4           60        149.3
  1790      43.1      133.9           58        150.1
  1800      43.7      132.4           57        149.8
  1810      43.6      130.9           55        149.8
  1820      42.9      129.4           54        149.8
  1830      42.0      127.9           52        149.6
  1840      41.2      126.4           51        149.3
  1850      40.3      124.9           49        149.0
  1860      39.2      123.4           48        149.3
  1870      38.9      121.9           46        149.3
  1880      38.0      120.4           45        149.6
  1890      37.7      118.9           43        149.3
  1900      37.5      117.4           42        149.6
  1910      36.1      115.9           40        149.0
  1920      35.2      114.4           39        149.0
  1930      34.1      112.9           37        149.0
  1940      33.0      111.4           36        149.0
  1950      31.9      109.9           34        149.0
  1960      30.8      108.5           33        149.0
  1970      29.4      107.0           32        149.0
  1980      28.5      105.5           30        149.0
  1990      27.1      104.0           29        148.8
  2000      25.7      102.5           27        149.3
  2010      24.5      101.0           26        148.8
  2020      22.8       99.5           24        149.0
  2030      24.0       98.1           23        156.2
  2040      29.4       96.9           21        112.8
  2050      31.7       96.0           21         75.8
  2060      30.0       95.3           20         62.8
  2070      27.6       94.8           19         50.5
  2080      23.7       94.5           19         33.8
  2090      19.6       94.2           19         23.9
  2100      15.2       94.0           19         15.4
  2110      12.2       93.9           18         11.7
  2120     -13.3       93.8           18          7.9
  2130      11.3       93.7           18          5.3
  2140     -12.0       93.7           18          3.9
  2150     -27.1       93.7           18         -0.5
  2160     -11.6       93.7           18        -10.3
  2170      -9.6       94.0           19        -24.4
  2180      -8.0       94.4           19        -46.5
  2190      -3.6       94.9           19        -61.7
  2200       0.0       95.6           20        -74.5
  2210       0.0       96.3           21        -81.9
  2220      -7.2       97.1           22        -88.6
  2230     -12.1       98.0           23       -101.1
  2240     -14.3       99.0           24       -119.5
  2250     -12.1      100.2           25       -126.4
  2260      -6.4      101.6           26       -142.4
  2270      -8.3      103.1           28       -146.1
  2280     -12.1      104.6           29       -148.0
  2290     -16.4      106.0           31       -149.0
  2300     -20.2      107.5           32       -150.1
  2310     -20.3      109.0           34       -150.1
  2320     -16.9      110.5           35       -149.8
  2330     -15.0      112.0           37       -149.6
  2340     -14.6      113.5           38       -149.0
  2350     -15.8      115.0           40       -149.6
  2360     -17.7      116.5           41       -149.6
  2370     -17.9      118.0           43       -149.8
  2380     -17.1      119.5           44       -149.3
  2390     -15.9      121.0           46       -149.6
  2400     -15.4      122.5           47       -149.3
  2410     -15.6      124.0           49       -149.3
  2420     -16.5      125.5           50       -149.6
  2430     -17.0      127.0           52       -149.6
  2440     -16.9      128.5           53       -149.8
  2450     -16.6      130.0           55       -149.3
  2460     -15.9      131.5           56       -149.6
  2470     -15.6      133.0           58       -149.3
  2480     -15.6      134.5           59       -149.6
  2490     -15.5      136.0           61       -149.3
  2500     -15.5      137.5           62       -149.3
  2510     -15.7      139.0           64       -149.6
  2520     -15.6      140.5           65       -149.6
  2530     -15.1      142.0           67       -149.8
  2540     -15.2      143.5           68       -149.3
  2550     -14.3      144.9           69       -149.3
  2560     -14.0      146.4           71       -149.0
  2570     -13.9      147.9           72       -149.3
  2580     -14.0      149.4           74       -149.3
  2590     -14.1      150.9           75       -149.3
  2600     -13.6      152.4           77       -149.8
  2610     -13.4      153.9           78       -149.3
  2620     -12.1      155.4           80       -149.3
  2630     -11.7      156.9           81       -149.0
  2640     -11.4      158.4           83       -149.6
  2650     -10.4      159.9           84       -149.3
  2660     -10.6      161.4           86       -149.0
  2670      -9.6      162.9           87       -149.3
  2680      -8.9      164.4           89       -148.8
  2690      -7.7      165.9           90       -149.3
  2700      -6.7      167.4           92       -148.8
  2710      -4.8      168.8           93       -149.0
  2720      -3.0      170.3           95       -148.5
  2730      -2.0      171.8           96       -158.9
  2740      -9.5      173.0           98       -116.0
  2750     -12.7      174.0           99        -96.9
  2760      -9.4      174.6           99        -65.7
  2770      -5.1      175.2          100        -42.8
  2780      -2.2      175.5          100        -38.0
  2790      -0.2      175.8          100        -25.5
  2800       0.0      176.0          101        -16.5
  2810       0.0      176.2          101        -14.6
  2820       0.0      176.3          101        -10.3
  2830      11.6      176.3          101         -6.9
  2840      12.8      176.3          101          1.8
  2850      18.4      176.3          101          7.9
  2860      24.1      176.1          101         16.7
  2870      21.0      175.9          100         31.4
  2880      22.8      175.5          100         40.7
  2890      23.4      174.9           99         53.7
  2900      24.0      174.2           99         67.6
  2910      25.2      173.3           98         81.9
  2920      26.4      172.3           97         97.1
  2930      26.3      171.1           96        113.4
  2940      26.0      169.6           94        142.1
  2950      28.3      168.2           93        146.1
  2960      31.7      166.7           91        147.4
  2970      33.2      165.2           90        148.8
  2980      33.6      163.7           88        149.3
  2990      33.9      162.2           87        149.3
  3000      34.7      160.7           85        149.6
  3010      35.9      159.2           84        149.6
  3020      37.4      157.7           82        149.8
  3030      37.7      156.2           81        150.1
  3040      38.0      154.7           79        150.1
  3050      38.3      153.2           78        149.8
  3060      38.6      151.7           76        149.8
  3070      38.5      150.2           75        149.8
  3080      37.9      148.7           73        149.6
  3090      37.4      147.2           72        149.6
  3100      37.2      145.7           70        149.6
  3110      37.2      144.2           69        149.6
  3120      37.7      142.8           67        149.6
  3130      38.6      141.3           66        149.8
  3140      39.9      139.8           64        150.1
  3150      40.7      138.3           63        150.1
  3160      41.1      136.8           61        150.1
  3170      41.3      135.3           60        149.8
  3180      41.1      133.8           58        149.8
  3190      40.7      132.3           57        149.6
  3200      39.6      130.8           55        149.8
  3210      38.7      129.3           54        149.3
  3220      38.5      127.8           52        149.6
  3230      37.6      126.3           51        149.3
  3240      36.8      124.8           49        149.3
  3250      37.0      123.3           48        149.6
  3260      36.7      121.8           46        149.3
  3270      35.9      120.3           45        149.3
  3280      34.9      118.8           43        149.6
  3290      34.4      117.3           42        149.3
  3300      33.5      115.8           40        149.3
  3310      32.2      114.3           39        149.0
  3320      30.8      112.8           37        149.3
  3330      29.8      111.3           36        149.0
  3340      28.1      109.8           34        149.0
  3350      27.1      108.4           33        148.8
  3360      25.8      106.9           31        149.0
  3370      24.3      105.4           30        148.8
  3380      22.7      103.9           28        149.0
  3390      20.5      102.4           27        149.0
  3400      18.8      100.9           25        148.8
  3410      17.0       99.4           24        148.8
  3420      18.3       98.0           23        154.4
  3430      23.3       96.9           21        110.2
  3440      24.0       96.0           21         73.7
  3450      23.2       95.3           20         54.5
  3460      20.5       94.8           19         44.9
  3470      16.9       94.5           19         29.2
  3480      13.9       94.2           19         23.6
  3490      12.2       94.0           19         15.1
  3500     -13.9       93.9           18         12.2
  3510     -12.2       93.8           18          7.7
  3520     -46.7       93.8           18          1.0
  3530     -22.6       93.9           18        -13.5
  3540     -21.2       94.1           19        -35.1
  3550     -10.9       94.6           19        -58.8
  3560      -1.2       95.3           20        -78.0
  3570       0.0       96.1           21        -91.0
  3580       0.0       97.0           22        -97.1
  3590      -8.7       97.9           22       -104.3
  3600     -15.6       99.0           24       -118.7
  3610     -15.2      100.2           25       -125.6
  3620     -10.4      101.6           26       -143.2
  3630      -8.2      103.0           28       -146.9
  3640      -8.8      104.5           29       -147.4
  3650     -13.7      106.0           31       -148.0
  3660     -17.9      107.5           32       -149.6
  3670     -18.2      109.0           34       -149.8
  3680     -15.5      110.5           35       -150.1
  3690     -13.9      112.0           37       -149.6
  3700     -13.0      113.5           38       -149.3
  3710     -14.8      114.9           39       -149.3
  3720     -16.7      116.4           41       -149.8
  3730     -17.3      117.9           42       -150.1
  3740     -16.4      119.4           44       -149.6
  3750     -15.2      120.9           45       -149.8
  3760     -14.6      122.4           47       -149.3
  3770     -14.8      123.9           48       -149.3
  3780     -15.9      125.4           50       -149.8
  3790     -16.6      126.9           51       -149.6
  3800     -16.9      128.4           53       -150.1
  3810     -17.1      129.9           54       -149.6
  3820     -16.9      131.4           56       -149.8
  3830     -16.6      132.9           57       -149.8
  3840     -16.4      134.4           59       -149.8
  3850     -16.2      135.9           60       -149.3
  3860     -15.9      137.4           62       -149.3
  3870     -16.0      138.9           63       -149.6
  3880     -16.1      140.4           65       -149.6
  3890     -15.8      141.9           66       -149.8
  3900     -15.4      143.4           68       -149.3
  3910     -14.7      144.9           69       -149.6
  3920     -14.0      146.4           71       -149.0
  3930     -13.7      147.9           72       -149.3
  3940     -13.5      149.3           74       -149.3
  3950     -13.3      150.8           75       -149.3
  3960     -13.2      152.3           77       -149.6
  3970     -12.9      153.8           78       -149.3
  3980     -12.6      155.3           80       -149.6
  3990     -12.4      156.8           81       -149.0
  4000     -11.9      158.3           83       -149.6
  4010     -11.6      159.8           84       -149.6
  4020     -10.7      161.3           86       -149.3
  4030     -10.6      162.8           87       -149.6
  4040     -10.1      164.3           89       -149.0
  4050      -8.6      165.8           90       -149.3
  4060      -7.7      167.3           92       -148.8
  4070      -5.9      168.8           93       -149.0
  4080      -3.8      170.3           95       -148.8
  4090      -2.5      171.7           96       -131.2
  4100     -10.2      173.0           98       -128.5
  4110     -14.0      173.9           98        -89.9
  4120     -12.0      174.6           99        -59.6
  4130      -8.8      175.2          100        -53.7
  4140      -4.5      175.5          100        -36.2
  4150      -0.2      175.8          100        -23.1
  4160       0.0      176.0          101        -18.3
  4170       0.0      176.2          101        -13.5
  4180       0.2      176.3          101         -7.9
  4190       0.0      176.3          101         -5.5
  4200      13.6      176.4          101         -4.2
  4210      20.1      176.4          101          2.6
  4220      21.7      176.3          101         10.9
  4230      22.2      176.1          101         25.0
  4240      23.0      175.7          100         43.6
  4250      27.6      175.2          100         61.2
  4260      28.6      174.5           99         80.9
  4270      28.4      173.6           98        102.2
  4280      27.6      172.5           97        123.5
  4290      26.0      171.2           96        144.5
  4300      27.6      169.8           94        146.1
  4310      29.9      168.3           93        146.9
  4320      32.9      166.9           91        148.0
  4330      35.0      165.4           90        149.0
  4340      37.1      163.9           88        149.6
  4350      39.5      162.4           87        150.1
  4360      40.9      160.9           85        150.1
  4370      42.1      159.4           84        150.4
  4380      41.1      157.9           82        150.4
  4390      40.5      156.4           81        149.8
  4400      39.2      154.9           79        150.1
  4410      39.0      153.4           78        149.6
  4420      38.6      151.9           76        149.8
  4430      38.9      150.4           75        149.6
  4440      40.2      148.9           73        149.6
  4450      42.3      147.4           72        149.8
  4460      43.5      145.9           70        150.1
  4470      44.3      144.4           69        150.4
  4480      44.5      142.9           67        150.4
  4490      44.8      141.4           66        150.6
  4500      44.1      139.9           64        149.8
  4510      44.1      138.4           63        149.8
  4520      43.5      136.9           61        149.8
  4530      43.8      135.4           60        149.6
  4540      43.7      133.9           58        149.8
  4550      44.0      132.4           57        149.6
  4560      44.2      130.9           55        149.8
  4570      43.9      129.4           54        149.6
  4580      43.1      127.9           52        149.6
  4590      42.4      126.4           51        149.6
  4600      41.9      124.9           49        149.3
  4610      41.0      123.4           48        149.6
  4620      39.9      121.9           46        149.3
  4630      39.0      120.4           45        149.3
  4640      38.1      118.9           43        149.6
  4650      37.7      117.4           42        149.3
  4660      36.6      115.9           40        149.3
  4670      35.8      114.4           39        149.0
  4680      34.9      112.9           37        148.8
  4690      33.6      111.5           36        149.0
  4700      32.1      110.0           35        149.3
  4710      30.8      108.5           33        148.8
  4720      28.8      107.0           32        148.8
  4730      27.0      105.5           30        148.8
  4740      25.0      104.0           29        148.8
  4750      23.5      102.5           27        149.0
  4760      21.6      101.0           26        148.5
  4770      20.1       99.5           24        148.8
  4780      20.9       98.1           23        157.0
  4790      26.2       96.9           21        113.6
  4800      27.8       96.0           21         76.6
  4810      26.8       95.3           20         63.3
  4820      23.7       94.8           19         50.8
  4830      19.5       94.5           19         34.0
  4840      15.5       94.2           19         24.2
  4850      11.8       94.0           19         15.4
  4860     -13.3       93.9           18         13.3
  4870      11.3       93.8           18          8.5
  4880     -18.6       93.7           18          5.3
  4890     -25.1       93.7           18         -3.1
  4900     -20.7       93.9           18        -21.8
  4910     -11.1       94.2           19        -40.4
  4920     -11.4       94.7           19        -52.7
  4930      -0.9       95.4           20        -66.8
  4940       0.0       96.3           21        -76.4
  4950       0.0       97.2           22        -80.9
  4960      -9.4       98.1           23        -88.9
  4970     -13.6       99.2           24       -100.0
  4980     -15.2      100.5           25       -128.5
  4990     -13.3      101.9           26       -144.8
  5000     -11.4      103.4           28       -147.7
  5010     -11.0      104.9           29       -148.5
  5020     -13.2      106.3           31       -148.8
  5030     -16.6      107.8           32       -149.6
  5040     -18.1      109.3           34       -150.1
  5050     -18.0      110.8           35       -150.4
  5060     -16.4      112.3           37       -149.8
  5070     -14.7      113.8           38       -149.6
  5080     -14.3      115.3           40       -149.8
  5090     -15.1      116.8           41       -149.3
  5100     -15.5      118.3           43       -149.6
  5110     -15.6      119.8           44       -149.6
  5120     -15.2      121.3           46       -149.6
  5130     -14.4      122.8           47       -149.6
  5140     -14.1      124.3           49       -149.3
  5150     -13.9      125.8           50       -149.6
  5160     -14.6      127.3           52       -149.3
  5170     -14.6      128.8           53       -149.8
  5180     -15.4      130.3           55       -149.6
  5190     -14.9      131.8           56       -149.8
  5200     -14.6      133.3           58       -149.8
  5210     -13.8      134.8           59       -149.3
  5220     -13.5      136.3           61       -149.3
  5230     -13.3      137.8           62       -149.0
  5240     -13.6      139.3           64       -149.6
  5250     -14.0      140.7           65       -149.3
  5260     -14.2      142.2           67       -149.8
  5270     -14.1      143.7           68       -149.6
  5280     -13.7      145.2           70       -149.6
  5290     -12.6      146.7           71       -149.3
  5300     -12.4      148.2           73       -149.3
  5310     -12.5      149.7           74       -149.6
  5320     -12.9      151.2           76       -149.3
  5330     -12.2      152.7           77       -149.8
  5340     -11.9      154.2           79       -149.3
  5350     -11.1      155.7           80       -149.6
  5360     -10.9      157.2           82       -149.3
  5370     -10.2      158.7           83       -149.3
  5380      -9.5      160.2           85       -149.6
  5390      -8.7      161.7           86       -149.3
  5400      -7.7      163.2           88       -149.6
  5410      -7.2      164.7           89       -149.0
  5420      -5.9      166.2           91       -149.3
  5430      -4.3      167.6           92       -148.8
  5440      -2.7      169.1           94       -148.8
  5450      -0.8      170.6           95       -149.0
  5460      -1.1      172.0           97       -124.8
  5470      -8.6      173.2           98       -119.8
  5480     -10.5      174.1           99        -83.3
  5490      -8.3      174.8           99        -67.8
  5500      -6.7      175.2          100        -45.7
  5510      -2.1      175.6          100        -30.0
  5520       0.0      175.9          100        -26.0
  5530       0.0      176.0          101        -17.5
  5540       1.0      176.2          101        -10.6
  5550       0.0      176.3          101         -7.9
  5560      14.3      176.3          101         -5.8
  5570      19.5      176.3          101          3.9
  5580      23.2      176.2          101         13.3
  5590      23.7      176.0          101         25.2
  5600      24.0      175.6          100         38.6
  5610      28.4      175.0          100         53.5
  5620      28.1      174.3           99         70.2
  5630      26.5      173.4           98         87.8
  5640      25.6      172.3           97        104.3
  5650      23.4      171.0           96        120.0
  5660      24.4      169.5           94        144.0
  5670      27.2      168.0           93        146.6
  5680      30.0      166.6           91        147.2
  5690      31.8      165.1           90        148.8
  5700      34.6      163.6           88        149.3
  5710      36.5      162.1           87        149.8
  5720      38.3      160.6           85        150.1
  5730      38.6      159.1           84        150.1
  5740      38.3      157.6           82        150.1
  5750      36.6      156.1           81        149.8
  5760      35.5      154.6           79        149.8
  5770      35.1      153.1           78        149.6
  5780      34.5      151.6           76        149.3
  5790      35.5      150.1           75        149.6
  5800      36.7      148.6           73        149.8
  5810      37.9      147.1           72        149.8
  5820      39.4      145.6           70        149.8
  5830      41.0      144.1           69        150.4
  5840      41.5      142.6           67        150.4
  5850      41.5      141.1           66        150.1
  5860      41.0      139.6           64        149.8
  5870      40.2      138.1           63        149.8
  5880      40.5      136.6           61        149.6
  5890      40.7      135.1           60        149.8
  5900      40.5      133.6           58        149.8
  5910      40.7      132.1           57        149.6
  5920      40.5      130.6           55        149.8
  5930      40.2      129.1           54        149.8
  5940      39.7      127.6           52        149.6
  5950      38.2      126.1           51        149.3
  5960      37.8      124.6           49        149.3
  5970      37.1      123.1           48        149.6
  5980      35.8      121.6           46        149.3
  5990      35.0      120.2           45        149.3
  6000      34.1      118.7           43        149.3
  6010      33.8      117.2           42        149.3
  6020      33.2      115.7           40        149.3
  6030      32.1      114.2           39        149.0
  6040      30.8      112.7           37        149.3
  6050      30.2      111.2           36        149.0
  6060      28.5      109.7           34        149.3
  6070      27.2      108.2           33        149.0
  6080      25.9      106.7           31        149.0
  6090      24.4      105.2           30        148.8
  6100      22.9      103.7           28        148.8
  6110      21.6      102.3           27        148.8
  6120      20.6      100.8           25        148.8
  6130      19.2       99.3           24        148.8
  6140      21.9       97.9           22        124.0
  6150      27.7       96.7           21        119.0
  6160      29.3       95.9           20         81.1
  6170      28.8       95.2           20         53.5
  6180      27.1       94.8           19         44.1
  6190      23.7       94.4           19         29.0
  6200      20.7       94.1           19         23.4
  6210      17.0       94.0           19         17.8
  6220      12.9       93.8           18         11.1
  6230      11.7       93.8           18          8.5
  6240     -13.3       93.7           18          5.5
  6250     -11.7       93.6           18          4.5
  6260     -21.6       93.6           18          1.5
  6270      -9.7       93.7           18         -4.2
  6280      -6.4       93.8           18        -13.8
  6290      -5.6       94.0           19        -30.6
  6300      -5.8       94.4           19        -43.9
  6310       0.0       94.9           19        -57.2
  6320       0.0       95.5           20        -67.6
  6330       0.0       96.2           21        -75.8
  6340      -4.8       96.9           21        -84.3
  6350      -8.5       97.8           22        -95.5
  6360     -10.9       98.7           23       -111.2
  6370     -10.5       99.9           24       -128.0
  6380      -7.2      101.1           26       -132.0
  6390      -6.1      102.6           27       -144.0
  6400      -9.9      104.0           29       -146.9
  6410     -14.0      105.5           30       -148.5
  6420     -17.5      107.0           32       -149.6
  6430     -19.7      108.5           33       -149.8
  6440     -17.4      110.0           35       -150.1
  6450     -14.5      111.5           36       -149.3
  6460     -13.2      113.0           38       -149.3
  6470     -13.7      114.5           39       -149.0
  6480     -15.0      116.0           41       -149.6
  6490     -16.1      117.5           42       -149.8
  6500     -16.0      119.0           44       -149.3
  6510     -15.1      120.5           45       -149.6
  6520     -14.5      122.0           47       -149.0
  6530     -14.5      123.5           48       -149.6
  6540     -15.0      125.0           50       -149.3
  6550     -15.6      126.4           51       -149.6
  6560     -15.8      127.9           52       -149.8
  6570     -15.5      129.4           54       -149.3
  6580     -15.2      130.9           55       -149.6
  6590     -15.0      132.4           57       -149.6
  6600     -15.5      133.9           58       -149.8
  6610     -15.9      135.4           60       -149.3
  6620     -15.7      136.9           61       -149.6
  6630     -15.9      138.4           63       -149.3
  6640     -15.9      139.9           64       -149.8
  6650     -15.6      141.4           66       -149.8
  6660     -15.3      142.9           67       -149.3
  6670     -15.4      144.4           69       -149.6
  6680     -15.7      145.9           70       -149.3
  6690     -15.7      147.4           72       -149.6
  6700     -15.8      148.9           73       -149.3
  6710     -15.3      150.4           75       -149.6
  6720     -14.8      151.9           76       -149.6
  6730     -13.4      153.4           78       -149.3
  6740     -12.3      154.9           79       -149.0
  6750     -12.8      156.4           81       -148.8
  6760     -11.7      157.9           82       -149.6
  6770     -10.9      159.4           84       -149.0
  6780      -9.8      160.8           85       -149.3
  6790      -9.1      162.3           87       -149.3
  6800      -8.7      163.8           88       -149.0
  6810      -7.7      165.3           90       -149.0
  6820      -6.8      166.8           91       -149.0
  6830      -4.9      168.3           93       -149.3
  6840      -2.4      169.8           94       -148.5
  6850      -1.2      171.2           96       -133.9
  6860      -5.9      172.6           97       -113.9
  6870     -12.3      173.6           98        -97.7
  6880     -11.1      174.4           99        -65.2
  6890      -9.1      175.0          100        -58.5
  6900      -5.6      175.4          100        -38.8
  6910      -1.2      175.7          100        -25.2
  6920       0.0      175.9          100        -21.8
  6930       0.0      176.1          101        -14.3
  6940       1.9      176.2          101         -9.0
  6950       0.0      176.3          101         -6.1
  6960      14.1      176.3          101         -3.9
  6970      10.7      176.3          101          2.3
  6980      23.8      176.3          101          6.6
  6990      23.2      176.1          101         17.5
  7000      21.0      175.8          100         30.8
  7010      28.3      175.3          100         44.7
  7020      26.5      174.7           99         60.6
  7030      30.4      173.9           98         79.3
  7040      30.6      172.9           97         96.3
  7050      27.4      171.7           96        115.0
  7060      28.2      170.2           95        143.4
  7070      31.3      168.7           93        146.9
  7080      33.2      167.2           92        148.0
  7090      34.5      165.8           90        149.3
  7100      36.0      164.3           89        149.6
  7110      38.8      162.8           87        150.4
  7120      39.8      161.3           86        150.4
  7130      40.0      159.7           84        150.4
  7140      38.3      158.2           83        149.8
  7150      37.0      156.8           81        149.6
  7160      35.3      155.3           80        149.6
  7170      35.1      153.8           78        149.3
  7180      35.2      152.3           77        149.6
  7190      35.9      150.8           75        149.6
  7200      37.4      149.3           74        149.8
  7210      38.8      147.8           72        149.8
  7220      39.2      146.3           71        150.1
  7230      39.0      144.8           69        149.8
  7240      38.2      143.3           68        149.8
  7250      37.6      141.8           66        149.8
  7260      37.3      140.3           65        149.6
  7270      36.5      138.8           63        149.6
  7280      36.2      137.3           62        149.6
  7290      36.4      135.8           60        149.3
  7300      36.8      134.3           59        149.6
  7310      37.0      132.8           57        149.8
  7320      37.1      131.3           56        149.6
  7330      36.0      129.8           54        149.6
  7340      35.5      128.3           53        149.8
  7350      34.4      126.8           51        149.3
  7360      33.7      125.3           50        149.6
  7370      33.3      123.8           48        149.6
  7380      32.4      122.3           47        149.3
  7390      31.2      120.8           45        149.6
  7400      30.9      119.3           44        149.3
  7410      30.1      117.8           42        149.6
  7420      29.5      116.4           41        149.3
  7430      28.4      114.9           39        149.3
  7440      27.0      113.4           38        149.3
  7450      26.1      111.9           36        149.0
  7460      24.3      110.4           35        149.3
  7470      23.6      108.9           33        148.8
  7480      22.0      107.4           32        149.0
  7490      21.1      105.9           30        148.8
  7500      19.7      104.4           29        149.0
  7510      18.3      102.9           27        148.8
  7520      16.9      101.5           26        149.0
  7530      15.5      100.0           25        149.0
  7540      14.6       98.5           23        162.1
  7550      20.9       97.3           22        121.1
  7560      23.0       96.3           21         82.2
  7570      23.2       95.5           20         67.8
  7580      21.1       95.0           20         44.9
  7590      18.0       94.6           19         37.2
  7600      15.2       94.3           19         29.5
  7610      12.2       94.1           19         19.4
  7620      12.2       93.9           18         12.5
  7630     -13.9       93.8           18         10.6
  7640     -11.6       93.8           18          7.4
  7650     -14.9       93.7           18          5.5
  7660      -3.7       93.7           18         -1.0
  7670      -7.4       93.8           18         -9.0
  7680      -4.3       93.9           18        -22.0
  7690       0.0       94.2           19        -34.0
  7700      -0.7       94.6           19        -35.1
  7710       0.0       95.0           20        -42.3
  7720       0.0       95.5           20        -48.4
  7730       0.0       96.1           21        -52.4
  7740      -1.8       96.8           21        -63.3
  7750      -7.2       97.4           22        -78.5
  7760      -9.9       98.3           23        -92.3
  7770      -8.8       99.2           24       -109.1
  7780      -5.8      100.3           25       -113.6
  7790      -2.1      101.6           26       -126.9
  7800      -2.7      102.9           27       -137.1
  7810      -5.9      104.3           29       -145.0
  7820     -11.7      105.8           30       -147.2
  7830     -14.8      107.3           32       -149.3
  7840     -15.7      108.8           33       -149.6
  7850     -14.7      110.3           35       -149.8
  7860     -12.4      111.8           36       -149.6
  7870     -10.4      113.3           38       -149.3
  7880     -10.6      114.8           39       -149.0
  7890     -11.7      116.3           41       -149.3
  7900     -12.3      117.8           42       -149.8
  7910     -12.8      119.2           44       -149.3
  7920     -12.6      120.7           45       -149.8
  7930     -12.8      122.2           47       -149.6
  7940     -13.2      123.7           48       -149.8
  7950     -13.7      125.2           50       -149.6
  7960     -13.7      126.7           51       -149.6
  7970     -13.3      128.2           53       -149.8
  7980     -12.9      129.7           54       -149.3
  7990     -12.7      131.2           56       -149.8
  8000     -13.2      132.7           57       -149.3
  8010     -13.7      134.2           59       -149.8
  8020     -14.5      135.7           60       -149.3
  8030     -14.8      137.2           62       -149.8
  8040     -14.5      138.7           63       -150.1
  8050     -14.6      140.2           65       -149.6
  8060     -14.1      141.7           66       -149.8
  8070     -13.9      143.2           68       -149.3
  8080     -13.6      144.7           69       -149.6
  8090     -13.9      146.2           71       -149.3
  8100     -13.9      147.7           72       -149.8
  8110     -14.2      149.2           74       -149.8
  8120     -14.2      150.7           75       -149.3
  8130     -13.6      152.2           77       -149.6
  8140     -12.9      153.7           78       -149.3
  8150     -12.1      155.2           80       -149.6
  8160     -11.5      156.7           81       -149.0
  8170     -11.1      158.2           83       -149.6
  8180     -10.7      159.6           84       -149.6
  8190     -10.2      161.1           86       -149.6
  8200      -9.5      162.6           87       -149.3
  8210      -8.4      164.1           89       -149.0
  8220      -7.4      165.6           90       -149.3
  8230      -6.2      167.1           92       -149.0
  8240      -4.8      168.6           93       -149.3
  8250      -3.0      170.1           95       -148.8
  8260      -1.7      171.6           96       -161.5
  8270      -9.3      172.8           97       -120.5
  8280     -13.8      173.8           98       -100.8
  8290     -10.9      174.5           99        -68.9
  8300      -8.2      175.1          100        -44.7
  8310      -6.1      175.5          100        -39.9
  8320      -2.9      175.8          100        -26.8
  8330       0.0      176.0          101        -21.0
  8340       0.0      176.1          101        -13.5
  8350       0.0      176.2          101         -9.0
  8360       0.0      176.3          101         -6.3
  8370       0.0      176.4          101         -4.5
  8380       1.2      176.4          101         -3.1
  8390      22.2      176.4          101          3.7
  8400      21.7      176.3          101         14.6
  8410      15.3      176.0          101         27.9
  8420      16.2      175.7          100         39.6
  8430      18.6      175.3          100         51.6
  8440      23.3      174.7           99         64.6
  8450      22.8      174.0           99         80.6
  8460      23.8      173.2           98         97.7
  8470      21.5      172.1           97        115.2
  8480      20.6      171.0           96        131.7
  8490      21.2      169.7           94        134.4
  8500      21.6      168.2           93        144.0
  8510      23.8      166.8           91        145.6
  8520      25.1      165.3           90        146.9
  8530      26.7      163.9           88        146.9
  8540      28.0      162.4           87        147.7
  8550      29.9      160.9           85        148.0
  8560      32.4      159.4           84        148.8
  8570      33.2      157.9           82        149.3
  8580      34.4      156.4           81        149.6
  8590      33.3      154.9           79        149.6
  8600      32.8      153.4           78        149.6
  8610      31.8      151.9           76        149.6
  8620      32.1      150.4           75        149.3
  8630      32.1      148.9           73        149.6
  8640      32.2      147.4           72        149.8
  8650      32.7      145.9           70        149.6
  8660      33.3      144.4           69        150.1
  8670      34.0      142.9           67        149.8
  8680      34.8      141.4           66        150.1
  8690      35.1      139.9           64        149.8
  8700      34.9      138.4           63        149.8
  8710      34.7      137.0           62        149.6
  8720      34.4      135.5           60        149.3
  8730      33.2      134.0           59        149.6
  8740      32.9      132.5           57        149.3
  8750      32.7      131.0           56        149.6
  8760      31.9      129.5           54        149.3
  8770      31.6      128.0           53        149.3
  8780      30.9      126.5           51        149.3
  8790      30.5      125.0           50        149.0
  8800      30.2      123.5           48        149.6
  8810      29.5      122.0           47        149.3
  8820      28.6      120.5           45        149.3
  8830      27.3      119.0           44        149.0
  8840      26.4      117.5           42        149.6
  8850      25.3      116.0           41        149.0
  8860      23.8      114.5           39        148.8
  8870      23.1      113.0           38        148.8
  8880      21.7      111.6           36        149.0
  8890      20.1      110.1           35        148.8
  8900      19.2      108.6           33        148.8
  8910      18.2      107.1           32        149.0
  8920      16.9      105.6           30        149.0
  8930      16.0      104.1           29        148.8
  8940      14.8      102.6           27        148.8
  8950      14.1      101.1           26        149.0
  8960      13.3       99.6           24        149.0
  8970      13.0       98.2           23        158.6
  8980      14.7       97.0           22        113.6
  8990      15.8       96.1           21         76.1
  9000      18.8       95.4           20         63.0
  9010      18.9       94.9           19         42.3
  9020      16.6       94.5           19         35.4
  9030      13.9       94.2           19         22.8
  9040      11.3       94.0           19         20.4
  9050     -14.1       93.9           18         13.5
  9060     -15.6       93.8           18          7.7
  9070     -20.0       93.7           18          4.5
  9080      -8.2       93.7           18         -1.5
  9090     -10.6       93.8           18        -11.7
  9100      -5.4       94.0           19        -25.0
  9110      -2.3       94.4           19        -34.8
  9120      -2.8       94.9           19        -53.5
  9130       0.0       95.4           20        -64.9
  9140       0.0       96.1           21        -73.4
  9150      -2.9       96.8           21        -80.3
  9160      -6.7       97.6           22        -89.9
  9170      -7.6       98.5           23       -103.5
  9180      -7.6       99.6           24       -118.4
  9190      -6.6      100.7           25       -121.1
  9200      -4.4      102.1           27       -134.7
  9210      -5.8      103.5           28       -144.0
  9220     -10.7      104.9           29       -147.4
  9230     -14.7      106.4           31       -148.5
  9240     -17.9      107.9           32       -149.6
  9250     -18.8      109.4           34       -150.1
  9260     -17.2      110.9           35       -149.6
  9270     -15.5      112.4           37       -149.6
  9280     -14.2      113.9           38       -149.0
  9290     -14.1      115.4           40       -149.6
  9300     -15.1      116.9           41       -149.3
  9310     -14.8      118.4           43       -149.6
  9320     -15.0      119.9           44       -149.3
  9330     -14.7      121.4           46       -149.6
  9340     -14.5      122.9           47       -149.6
  9350     -14.7      124.4           49       -149.6
  9360     -14.4      125.9           50       -149.8
  9370     -14.7      127.4           52       -149.6
  9380     -14.8      128.9           53       -149.6
  9390     -14.5      130.4           55       -149.6
  9400     -13.9      131.9           56       -149.8
  9410     -13.1      133.4           58       -149.6
  9420     -12.8      134.9           59       -149.3
  9430     -12.5      136.3           61       -149.3
  9440     -12.3      137.8           62       -149.0
  9450     -12.3      139.3           64       -149.8
  9460     -12.9      140.8           65       -149.3
  9470     -12.4      142.3           67       -149.8
  9480     -11.7      143.8           68       -149.3
  9490     -11.7      145.3           70       -149.6
  9500     -10.7      146.8           71       -149.6
  9510     -11.0      148.3           73       -149.3
  9520     -11.0      149.8           74       -149.6
  9530     -11.3      151.3           76       -149.3
  9540     -10.7      152.8           77       -149.8
  9550      -9.9      154.3           79       -149.3
  9560      -9.6      155.8           80       -149.6
  9570      -9.4      157.3           82       -149.6
  9580      -9.2      158.8           83       -149.3
  9590      -8.7      160.3           85       -149.8
  9600      -8.2      161.8           86       -149.3
  9610      -7.5      163.2           88       -149.6
  9620      -7.2      164.7           89       -149.0
  9630      -6.4      166.2           91       -149.6
  9640      -4.8      167.7           92       -149.3
  9650      -3.2      169.2           94       -149.3
  9660      -2.4      170.6           95       -134.4
  9670      -2.8      172.1           97       -124.3
  9680     -11.2      173.3           98       -119.2
  9690     -13.1      174.1           99        -74.0
  9700     -11.4      174.8           99        -66.5
  9710     -10.2      175.3          100        -45.2
  9720      -5.3      175.6          100        -29.5
  9730      -0.5      175.9          100        -23.4
  9740       0.0      176.1          101        -14.9
  9750       0.0      176.2          101        -13.0
  9760       0.0      176.3          101         -9.0
  9770       0.0      176.4          101         -5.8
  9780       0.0      176.4          101         -4.5
  9790       0.0      176.5          101         -3.7
  9800       0.0      176.5          101         -2.3
  9810       5.9      176.5          101         -1.3
  9820      19.0      176.5          101          2.6
  9830      18.5      176.4          101          8.5
  9840      19.0      176.2          101         17.8
  9850      23.6      176.0          101         28.7
  9860      25.2      175.5          100         42.3
  9870      24.5      174.9           99         57.2
  9880      22.5      174.2           99         72.1
  9890      22.0      173.3           98         85.9
  9900      20.2      172.2           97         99.8
  9910      20.1      171.0           96        111.8
  9920      21.5      169.6           94        137.9
  9930      25.4      168.2           93        145.0
  9940      28.9      166.7           91        146.9
  9950      30.9      165.2           90        148.0
  9960      33.5      163.7           88        149.0
  9970      35.1      162.2           87        149.6
  9980      35.7      160.7           85        149.8
  9990      34.9      159.2           84        149.6
 10000      32.7      157.7           82        149.3
 10010      31.8      156.2           81        149.3
 10020      31.2      154.8           79        149.3
 10030      30.5      153.3           78        149.3
 10040      31.5      151.8           76        149.3
 10050      32.1      150.3           75        149.8
 10060      32.8      148.8           73        149.6
 10070      32.7      147.3           72        149.8
 10080      34.5      145.8           70        149.8
 10090      34.2      144.3           69        150.1
 10100      33.6      142.8           67        149.8
 10110      33.3      141.3           66        149.8
 10120      32.7      139.8           64        149.6
 10130      31.9      138.3           63        149.3
 10140      31.7      136.8           61        149.6
 10150      31.9      135.3           60        149.3
 10160      32.2      133.8           58        149.8
 10170      32.7      132.3           57        149.6
 10180      32.9      130.8           55        149.6
 10190      33.0      129.3           54        149.6
 10200      32.2      127.8           52        149.6
 10210      31.9      126.3           51        149.6
 10220      31.0      124.8           49        149.3
 10230      30.2      123.3           48        149.3
 10240      29.9      121.8           46        149.6
 10250      28.6      120.3           45        149.3
 10260      27.2      118.9           43        149.3
 10270      27.0      117.4           42        149.3
 10280      26.2      115.9           40        149.3
 10290      25.9      114.4           39        149.0
 10300      25.3      112.9           37        149.3
 10310      24.2      111.4           36        149.3
 10320      23.5      109.9           34        149.6
 10330      22.2      108.4           33        149.0
 10340      20.5      106.9           31        149.0
 10350      19.2      105.4           30        148.8
 10360      17.9      103.9           28        149.0
 10370      16.3      102.4           27        149.0
 10380      16.1      101.0           26        148.8
 10390      14.9       99.5           24        149.0
 10400      14.3       98.0           23        156.0
 10410      19.4       96.9           21        111.0
 10420      23.6       96.0           21         74.5
 10430      23.4       95.3           20         67.6
 10440      22.1       94.8           19         46.0
 10450      17.4       94.5           19         33.5
 10460      13.9       94.2           19         21.2
 10470      11.3       94.0           19         18.9
 10480     -13.3       93.9           18         12.5
 10490     -14.4       93.8           18          7.1
 10500     -18.0       93.7           18          3.7
 10510     -11.0       93.7           18         -1.0
 10520     -10.0       93.8           18         -9.0
 10530      -7.4       94.0           19        -22.0
 10540      -3.5       94.3           19        -34.0
 10550      -2.3       94.8           19        -44.4
 10560       0.0       95.4           20        -53.2
 10570       0.0       96.0           21        -60.1
 10580      -4.5       96.7           21        -66.8
 10590     -10.6       97.6           22        -75.8
 10600     -12.5       98.5           23        -89.4
 10610     -11.8       99.7           24       -116.3
 10620      -9.6      101.0           26       -133.1
 10630      -6.8      102.4           27       -145.0
 10640     -11.2      103.9           28       -147.2
 10650     -14.7      105.4           30       -149.0
 10660     -19.3      106.9           31       -149.8
 10670     -22.4      108.4           33       -150.4
 10680     -21.5      109.9           34       -150.6
 10690     -18.5      111.4           36       -150.4
 10700     -17.1      112.9           37       -149.8
 10710     -17.3      114.4           39       -149.3
 10720     -18.6      115.9           40       -149.8
 10730     -20.6      117.4           42       -149.8
 10740     -21.4      118.9           43       -149.6
 10750     -21.0      120.4           45       -150.1
 10760     -20.0      121.9           46       -150.1
 10770     -19.7      123.4           48       -149.8
 10780     -19.7      124.9           49       -149.3
 10790     -19.7      126.4           51       -149.8
 10800     -19.4      127.8           52       -149.6
 10810     -19.1      129.3           54       -149.3
 10820     -17.9      130.8           55       -149.6
 10830     -17.5      132.3           57       -149.3
 10840     -16.8      133.8           58       -149.6
 10850     -16.6      135.3           60       -149.0
 10860     -16.3      136.8           61       -149.3
 10870     -16.6      138.3           63       -149.3
 10880     -16.6      139.8           64       -149.6
 10890     -16.1      141.3           66       -149.6
 10900     -15.3      142.8           67       -149.3
 10910     -15.4      144.3           69       -149.6
 10920     -15.4      145.8           70       -149.0
 10930     -15.0      147.3           72       -149.6
 10940     -15.8      148.8           73       -149.6
 10950     -15.8      150.3           75       -149.8
 10960     -15.6      151.8           76       -149.8
 10970     -14.6      153.3           78       -149.6
 10980     -14.1      154.8           79       -149.3
 10990     -13.9      156.3           81       -149.0
 11000     -13.1      157.7           82       -149.6
 11010     -12.4      159.2           84       -149.0
 11020     -11.6      160.7           85       -149.6
 11030     -10.9      162.2           87       -149.0
 11040     -10.2      163.7           88       -149.0
 11050      -9.2      165.2           90       -149.0
 11060      -8.4      166.7           91       -148.8
 11070      -6.6      168.2           93       -149.0
 11080      -4.9      169.7           94       -148.5
 11090      -2.9      171.1           96       -134.1
 11100      -8.5      172.5           97       -115.8
 11110     -15.9      173.5           98       -100.3
 11120     -14.6      174.4           99        -67.3
 11130     -13.0      175.0          100        -60.6
 11140     -10.2      175.4          100        -40.4
 11150      -5.0      175.7          100        -26.3
 11160      -0.3      176.0          101        -20.7
 11170       0.0      176.1          101        -13.0
 11180       0.0      176.2          101        -11.7
 11190       1.6      176.3          101         -8.5
 11200       0.0      176.4          101         -5.0
 11210       0.0      176.4          101         -3.4
 11220      16.6      176.4          101          0.0
 11230      20.7      176.4          101          7.4
 11240      22.3      176.2          101         17.8
 11250      21.6      175.9          100         29.0
 11260      21.5      175.5          100         41.2
 11270      25.6      175.0          100         54.8
 11280      28.2      174.2           99         70.0
 11290      28.8      173.3           98         86.7
 11300      27.5      172.2           97        104.6
 11310      26.2      170.9           95        121.9
 11320      28.0      169.4           94        145.3
 11330      29.8      167.9           92        147.4
 11340      31.0      166.4           91        148.2
 11350      33.3      165.0           90        149.0
 11360      35.2      163.5           88        149.8
 11370      37.5      162.0           87        149.8
 11380      38.4      160.5           85        150.1
 11390      39.2      159.0           84        150.1
 11400      39.0      157.5           82        149.8
 11410      37.2      156.0           81        149.8
 11420      35.5      154.5           79        149.8
 11430      35.3      153.0           78        149.3
 11440      35.4      151.5           76        149.3
 11450      35.4      150.0           75        149.6
 11460      36.1      148.5           73        149.6
 11470      37.0      147.0           72        150.1
 11480      38.2      145.5           70        150.1
 11490      39.1      144.0           69        150.1
 11500      39.1      142.5           67        150.1
 11510      38.7      141.0           66        149.8
 11520      38.0      139.5           64        149.8
 11530      37.1      138.0           63        149.3
 11540      36.1      136.5           61        149.6
 11550      36.0      135.0           60        149.3
 11560      35.8      133.5           58        149.6
 11570      35.6      132.0           57        149.6
 11580      35.9      130.5           55        149.6
 11590      36.0      129.0           54        149.6
 11600      35.5      127.5           52        149.6
 11610      34.5      126.0           51        149.3
 11620      34.0      124.5           49        149.6
 11630      33.4      123.0           48        149.6
 11640      32.7      121.5           46        149.6
 11650      31.8      120.0           45        149.3
 11660      30.7      118.5           43        149.3
 11670      30.1      117.1           42        149.3
 11680      29.2      115.6           40        149.0
 11690      27.4      114.1           39        148.8
 11700      26.1      112.6           37        149.0
 11710      24.7      111.1           36        149.0
 11720      22.8      109.6           34        149.0
 11730      21.0      108.1           33        148.8
 11740      19.5      106.6           31        148.8
 11750      18.4      105.1           30        148.8
 11760      16.2      103.6           28        148.8
 11770      14.8      102.2           27        149.0
 11780      13.3      100.7           25        148.5
 11790      12.5       99.3           24        134.1
 11800      13.6       97.8           22        121.6
 11810      20.4       96.7           21        115.0
 11820      19.4       95.9           20         78.8
 11830      19.4       95.2           20         51.9
 11840      17.4       94.8           19         43.1
 11850      13.8       94.4           19         34.6
 11860      12.3       94.2           19         22.8
 11870      12.3       94.0           19         14.9
 11880     -13.9       93.9           18         13.3
 11890      11.3       93.8           18          9.0
 11900     -12.8       93.7           18          6.6
 11910     -31.6       93.7           18          2.1
 11920     -10.4       93.7           18         -5.5
 11930     -12.1       93.9           18        -18.3
 11940      -6.9       94.2           19        -40.4
 11950      -8.0       94.7           19        -56.1
 11960      -2.3       95.3           20        -71.3
 11970       0.0       96.0           21        -83.5
 11980       0.0       96.9           21        -91.3
 11990      -3.0       97.7           22        -98.2
 12000      -6.0       98.7           23       -108.8
 12010      -8.7       99.8           24       -121.9
 12020      -9.7      101.0           26       -124.8
 12030      -9.0      102.4           27       -140.0
 12040     -10.8      103.8           28       -146.9
 12050     -13.1      105.3           30       -148.8
 12060     -13.8      106.8           31       -149.6
 12070     -14.8      108.3           33       -149.8
 12080     -14.7      109.8           34       -149.8
 12090     -14.5      111.3           36       -149.8
 12100     -14.5      112.8           37       -149.8
 12110     -14.7      114.3           39       -149.3
 12120     -14.7      115.8           40       -149.8
 12130     -14.6      117.3           42       -149.6
 12140     -14.5      118.8           43       -149.6
 12150     -14.3      120.3           45       -149.8
 12160     -14.2      121.8           46       -149.6
 12170     -13.3      123.3           48       -149.8
 12180     -13.5      124.7           49       -149.3
 12190     -13.8      126.2           51       -149.6
 12200     -14.2      127.7           52       -149.6
 12210     -14.2      129.2           54       -149.6
 12220     -14.5      130.7           55       -149.6
 12230     -14.4      132.2           57       -149.8
 12240     -13.6      133.7           58       -149.8
 12250     -13.6      135.2           60       -149.3
 12260     -13.1      136.7           61       -149.6
 12270     -13.4      138.2           63       -149.3
 12280     -13.7      139.7           64       -149.6
 12290     -13.5      141.2           66       -149.6
 12300     -12.6      142.7           67       -149.6
 12310     -12.0      144.2           69       -149.6
 12320     -11.1      145.7           70       -149.0
 12330     -10.1      147.2           72       -149.6
 12340     -10.2      148.7           73       -149.0
 12350     -10.1      150.2           75       -149.6
 12360     -10.2      151.7           76       -149.3
 12370      -9.7      153.2           78       -149.6
 12380      -9.1      154.7           79       -149.3
 12390      -8.1      156.1           81       -149.0
 12400      -7.1      157.6           82       -149.6
 12410      -6.6      159.1           84       -149.3
 12420      -5.9      160.6           85       -149.6
 12430      -5.7      162.1           87       -149.0
 12440      -5.4      163.6           88       -149.3
 12450      -4.7      165.1           90       -149.0
 12460      -4.4      166.6           91       -149.3
 12470      -3.0      168.1           93       -149.3
 12480      -2.1      169.6           94       -149.0
 12490      -1.3      171.1           96       -147.2
 12500      -6.0      172.4           97       -142.1
 12510     -12.2      173.5           98       -101.9
 12520     -10.7      174.3           99        -69.7
 12530      -7.8      174.9           99        -61.4
 12540      -5.7      175.4          100        -41.2
 12550      -4.5      175.7          100        -27.4
 12560      -1.0      175.9          100        -24.4
 12570       0.0      176.1          101        -15.9
 12580       0.0      176.2          101        -10.3
 12590       1.8      176.3          101         -8.2
 12600       0.0      176.4          101         -4.5
 12610      17.9      176.4          101         -2.6
 12620      13.3      176.4          101          3.7
 12630      25.3      176.3          101         11.7
 12640      27.1      176.1          101         24.4
 12650      17.3      175.7          100         38.8
 12660      24.2      175.1          100         52.1
 12670      24.4      174.4           99         65.7
 12680      25.3      173.6           98         80.6
 12690      26.6      172.6           97         96.3
 12700      23.5      171.4           96        112.6
 12710      22.3      169.9           94        140.8
 12720      24.9      168.5           93        145.8
 12730      26.5      167.0           92        146.4
 12740      27.7      165.5           90        147.4
 12750      28.8      164.1           89        148.2
 12760      30.9      162.6           87        148.8
 12770      32.5      161.1           86        149.6
 12780      34.0      159.6           84        149.8
 12790      34.7      158.1           83        149.8
 12800      35.4      156.6           81        149.8
 12810      35.8      155.1           80        150.1
 12820      35.7      153.6           78        149.8
 12830      35.3      152.1           77        149.6
 12840      34.7      150.6           75        149.6
 12850      33.9      149.1           74        149.6
 12860      32.7      147.6           72        149.6
 12870      31.5      146.1           71        149.3
 12880      30.7      144.6           69        149.3
 12890      31.5      143.1           68        149.0
 12900      32.4      141.6           66        149.6
 12910      34.1      140.1           65        149.8
 12920      35.7      138.6           63        149.8
 12930      36.2      137.1           62        149.8
 12940      36.5      135.6           60        149.8
 12950      36.2      134.1           59        149.8
 12960      35.5      132.6           57        149.6
 12970      33.7      131.1           56        149.6
 12980      32.3      129.6           54        149.0
 12990      30.6      128.1           53        149.3
 13000      29.7      126.6           51        149.0
 13010      29.0      125.2           50        149.0
 13020      29.1      123.7           48        149.0
 13030      29.0      122.2           47        149.3
 13040      28.6      120.7           45        149.3
 13050      27.8      119.2           44        149.6
 13060      27.0      117.7           42        149.3
 13070      26.1      116.2           41        149.0
 13080      25.3      114.7           39        149.0
 13090      23.9      113.2           38        148.8
 13100      23.2      111.7           36        149.0
 13110      22.2      110.2           35        149.0
 13120      20.8      108.7           33        149.0
 13130      20.0      107.2           32        149.0
 13140      19.0      105.8           30        148.8
 13150      18.5      104.3           29        149.0
 13160      17.2      102.8           27        149.0
 13170      16.4      101.3           26        149.0
 13180      15.0       99.8           24        149.0
 13190      14.6       98.4           23        131.5
 13200      21.4       97.1           22        105.9
 13210      22.0       96.2           21         89.7
 13220      22.1       95.4           20         58.8
 13230      20.1       94.9           19         48.7
 13240      16.9       94.5           19         31.9
 13250      14.7       94.2           19         25.8
 13260      11.8       94.0           19         17.0
 13270      12.2       93.9           18         12.2
 13280     -13.8       93.8           18         10.3
 13290     -11.5       93.7           18          7.4
 13300     -31.0       93.7           18          2.6
 13310      -0.1       93.7           18         -3.7
 13320     -11.6       93.8           18        -10.6
 13330      -8.4       94.0           19        -21.8
 13340      -2.6       94.4           19        -43.3
 13350       0.0       94.8           19        -55.6
 13360       0.0       95.4           20        -65.4
 13370       0.0       96.1           21        -73.7
 13380       0.0       96.8           21        -79.8
 13390      -0.9       97.6           22        -85.9
 13400      -3.6       98.4           23        -95.0
 13410      -4.7       99.3           24       -106.2
 13420      -4.3      100.4           25       -107.5
 13430      -4.5      101.6           26       -119.2
 13440      -4.6      102.8           27       -130.7
 13450      -3.9      104.2           29       -142.1
 13460      -6.1      105.7           30       -146.1
 13470      -7.3      107.2           32       -147.4
 13480      -9.1      108.6           33       -147.4
 13490     -10.6      110.1           35       -148.2
 13500     -12.1      111.6           36       -148.8
 13510     -12.5      113.1           38       -149.6
 13520     -11.8      114.6           39       -149.3
 13530     -11.6      116.1           41       -149.3
 13540     -10.9      117.6           42       -149.3
 13550     -10.3      119.1           44       -149.0
 13560      -9.9      120.6           45       -149.6
 13570     -10.4      122.1           47       -149.3
 13580     -10.7      123.6           48       -149.6
 13590     -11.1      125.0           50       -149.3
 13600     -11.1      126.5           51       -149.6
 13610     -11.1      128.0           53       -149.8
 13620     -10.8      129.5           54       -149.6
 13630     -10.5      131.0           56       -149.8
 13640     -10.6      132.5           57       -149.6
 13650     -10.2      134.0           59       -149.8
 13660     -10.3      135.5           60       -149.6
 13670     -10.3      137.0           62       -149.6
 13680     -10.6      138.5           63       -149.6
 13690     -10.7      140.0           65       -149.8
 13700     -10.4      141.5           66       -149.8
 13710     -10.2      143.0           68       -149.3
 13720      -9.6      144.5           69       -149.6
 13730      -9.1      146.0           71       -149.3
 13740      -8.6      147.5           72       -149.6
 13750      -8.8      149.0           74       -149.3
 13760      -8.5      150.5           75       -149.3
 13770      -8.6      152.0           77       -149.8
 13780      -8.2      153.5           78       -149.3
 13790      -7.8      155.0           80       -149.6
 13800      -7.3      156.5           81       -149.0
 13810      -6.8      157.9           82       -149.6
 13820      -6.1      159.4           84       -149.3
 13830      -5.5      160.9           85       -149.6
 13840      -5.2      162.4           87       -149.3
 13850      -4.8      163.9           88       -149.0
 13860      -4.0      165.4           90       -149.6
 13870      -3.7      166.9           91       -149.3
 13880      -2.7      168.4           93       -149.3
 13890      -1.9      169.9           94       -149.0
 13900      -0.6      171.4           96       -148.5
 13910      -5.8      172.6           97       -124.8
 13920     -10.2      173.7           98        -85.9
 13930      -8.1      174.4           99        -71.6
 13940      -6.4      175.0          100        -47.1
 13950      -5.8      175.4          100        -42.0
 13960      -3.5      175.7          100        -28.7
 13970       0.0      176.0          101        -18.3
 13980       0.0      176.1          101        -15.9
 13990       0.0      176.2          101        -10.6
 14000       0.0      176.3          101         -8.2
 14010       8.6      176.4          101         -5.5
 14020      16.2      176.4          101          2.1
 14030      12.3      176.3          101          7.7
 14040      19.0      176.2          101         14.9
 14050      19.0      175.9          100         30.3
