B, L
1/12/2011 11:34:36 AM
Set #2

  TIME    TORQUE   POSITION    POS (ANAT)    VELOCITY
  mSec    FT-LBS    Degrees      Degrees       DEG/SEC
     0      14.8      149.4          104        104.6
    10      14.5      150.5          103        112.3
    20      14.2      151.6          102        120.0
    30      13.3      152.9          101        128.0
    40      13.9      154.2           99        135.2
    50      13.5      155.6           98        142.6
    60      14.7      157.1           96        144.5
    70      16.4      158.5           95        145.3
    80      16.4      160.0           93        145.8
    90      16.5      161.5           92        145.6
   100      15.6      162.9           91        145.8
   110      14.8      164.4           89        145.3
   120      14.8      165.8           88        145.6
   130      15.9      167.3           86        145.3
   140      15.8      168.7           85        145.6
   150      16.2      170.2           83        145.3
   160      16.0      171.6           82        145.6
   170      16.0      173.1           80        145.0
   180      15.1      174.5           79        145.3
   190      14.7      176.0           77        145.0
   200      14.6      177.4           76        144.8
   210      14.0      178.9           75        144.8
   220      13.9      180.3           73        144.2
   230      13.4      181.8           72        144.8
   240      13.4      183.2           70        144.0
   250      13.4      184.7           69        144.2
   260      13.5      186.1           67        143.7
   270      13.8      187.5           66        144.0
   280      13.8      189.0           64        143.7
   290      14.0      190.4           63        143.7
   300      14.5      191.9           62        144.0
   310      15.3      193.3           60        143.7
   320      15.7      194.7           59        144.0
   330      16.2      196.2           57        143.7
   340      16.6      197.6           56        144.2
   350      17.5      199.1           54        144.0
   360      17.4      200.5           53        144.2
   370      18.2      201.9           52        144.0
   380      17.9      203.4           50        144.2
   390      18.1      204.8           49        144.0
   400      17.0      206.3           47        144.0
   410      16.4      207.7           46        143.4
   420      15.6      209.1           44        143.4
   430      15.4      210.6           43        143.2
   440      16.1      212.0           41        142.9
   450      15.3      213.4           40        142.9
   460      15.0      214.9           39        142.4
   470      15.3      216.3           37        142.9
   480      15.0      217.7           36        142.6
   490     -15.3      219.1           34        142.4
   500     -16.0      220.5           33        140.2
   510     -16.3      221.9           32        138.4
   520     -17.9      223.3           30        135.7
   530     -17.2      224.6           29        133.3
   540     -17.4      225.9           28        130.1
   550     -16.0      227.2           26        130.7
   560      17.7      228.2           25         97.7
   570      17.4      229.0           24         68.9
   580      18.8      229.6           24         54.0
   590      19.0      230.1           23         47.6
   600      21.7      230.5           23         32.7
   610      19.9      230.8           23         31.6
   620      17.6      231.1           22         22.3
   630      16.5      231.3           22         15.1
   640      16.2      231.4           22         13.0
   650     -18.1      231.5           22         11.4
   660     -18.1      231.6           22          7.7
   670     -19.2      231.6           22          4.7
   680     -21.2      231.7           22          1.5
   690       0.0      231.6           22         -1.8
   700      -1.5      231.6           22         -7.9
   710       0.0      231.4           22        -21.0
   720       0.0      231.2           22        -28.7
   730       0.0      230.8           23        -33.8
   740       0.0      230.4           23        -39.6
   750       0.0      229.9           24        -47.6
   760       0.0      229.3           24        -56.4
   770       0.0      228.6           25        -64.6
   780       0.0      227.8           26        -70.2
   790       0.0      227.0           26        -75.0
   800       0.0      226.1           27        -88.1
   810       0.0      225.1           28        -96.1
   820       0.0      224.1           29       -102.7
   830       0.0      223.0           30       -109.4
   840       0.0      221.9           32       -116.8
   850       0.0      220.7           33       -125.1
   860       0.0      219.3           34       -134.7
   870       0.0      217.9           36       -141.6
   880      -1.8      216.5           37       -143.2
   890      -4.1      215.1           38       -144.0
   900      -5.1      213.6           40       -144.0
   910      -5.1      212.2           41       -144.0
   920      -4.9      210.8           43       -144.0
   930      -5.7      209.3           44       -144.0
   940      -6.5      207.9           46       -144.2
   950      -6.9      206.4           47       -144.2
   960      -6.6      205.0           48       -144.0
   970      -6.6      203.5           50       -144.0
   980      -6.9      202.1           51       -143.7
   990      -6.7      200.7           53       -144.0
  1000      -7.1      199.2           54       -144.0
  1010      -7.4      197.8           56       -144.0
  1020      -8.2      196.3           57       -143.7
  1030      -9.1      194.9           59       -144.0
  1040     -10.0      193.5           60       -144.0
  1050     -10.4      192.0           61       -144.2
  1060     -11.4      190.6           63       -144.2
  1070     -12.3      189.1           64       -144.5
  1080     -12.6      187.7           66       -144.5
  1090     -12.6      186.2           67       -144.2
  1100     -12.9      184.8           69       -144.2
  1110     -13.3      183.4           70       -144.2
  1120     -13.2      181.9           72       -144.2
  1130     -13.5      180.5           73       -144.0
  1140     -13.0      179.0           74       -144.0
  1150     -13.3      177.6           76       -144.0
  1160     -13.3      176.2           77       -144.0
  1170     -13.8      174.7           79       -144.0
  1180     -14.1      173.3           80       -144.0
  1190     -14.0      171.8           82       -144.0
  1200     -14.0      170.4           83       -143.7
  1210     -13.8      169.0           84       -143.7
  1220     -13.7      167.5           86       -143.4
  1230     -13.6      166.1           87       -143.4
  1240     -12.9      164.7           89       -143.2
  1250     -12.1      163.2           90       -143.2
  1260     -11.2      161.8           92       -142.6
  1270     -10.3      160.4           93       -142.9
  1280      -8.8      158.9           95       -142.4
  1290      -7.7      157.5           96       -142.4
  1300      -6.7      156.1           97       -142.4
  1310      -5.4      154.7           99       -142.1
  1320      -4.2      153.2          100       -142.1
  1330      -3.0      151.8          102       -141.8
  1340      -1.6      150.4          103       -141.8
  1350       0.0      149.0          104       -141.3
  1360       0.0      147.6          106       -141.3
  1370       0.0      146.3          107       -124.8
  1380      -6.1      145.1          108        -99.3
  1390     -11.7      144.1          109        -95.0
  1400      -8.5      143.4          110        -65.7
  1410      -3.0      142.9          111        -53.5
  1420       0.0      142.5          111        -32.7
  1430       0.0      142.2          111        -29.8
  1440       0.0      142.0          111        -22.3
  1450       0.0      141.8          112        -15.4
  1460       0.0      141.7          112         -9.8
  1470       0.0      141.6          112         -8.7
  1480       0.0      141.6          112         -6.6
  1490       0.0      141.5          112         -4.7
  1500       0.0      141.5          112         -2.1
  1510       7.5      141.5          112          0.5
  1520      18.4      141.5          112          3.7
  1530      16.7      141.6          112          9.5
  1540      17.0      141.7          112         15.1
  1550      17.4      142.0          111         21.5
  1560      16.8      142.3          111         28.2
  1570      18.2      142.6          111         34.8
  1580      18.8      143.1          110         42.5
  1590      18.5      143.6          110         50.8
  1600      18.9      144.2          109         59.1
  1610      18.3      145.0          108         67.0
  1620      18.4      145.8          108         75.3
  1630      18.4      146.7          107         84.3
  1640      19.2      147.7          106        103.5
  1650      19.2      148.9          105        113.9
  1660      18.3      150.1          103        125.3
  1670      18.5      151.4          102        135.5
  1680      18.0      152.8          101        144.0
  1690      20.0      154.3           99        145.6
  1700      21.2      155.8           98        146.1
  1710      22.4      157.2           96        146.4
  1720      23.6      158.7           95        147.2
  1730      24.2      160.2           93        148.0
  1740      24.7      161.7           92        148.2
  1750      24.9      163.1           90        149.3
  1760      26.0      164.6           89        149.3
  1770      27.5      166.1           87        150.1
  1780      28.9      167.6           86        149.8
  1790      30.5      169.1           84        150.1
  1800      31.2      170.6           83        149.8
  1810      31.7      172.1           81        149.8
  1820      31.4      173.6           80        149.6
  1830      31.7      175.1           78        149.8
  1840      31.4      176.6           77        150.4
  1850      30.8      178.1           75        149.8
  1860      29.9      179.6           74        149.3
  1870      29.9      181.1           72        149.3
  1880      29.7      182.6           71        149.0
  1890      29.5      184.1           69        149.3
  1900      29.5      185.6           68        149.3
  1910      29.9      187.1           66        149.6
  1920      29.8      188.6           65        149.0
  1930      29.7      190.1           63        149.6
  1940      29.6      191.6           62        149.3
  1950      29.3      193.1           60        149.8
  1960      29.6      194.6           59        149.6
  1970      29.6      196.1           57        149.6
  1980      28.9      197.6           56        149.8
  1990      29.3      199.1           54        149.3
  2000      30.3      200.6           53        149.8
  2010      30.6      202.1           51        149.8
  2020      29.6      203.6           50        149.8
  2030      29.5      205.0           48        149.6
  2040      28.2      206.5           47        149.3
  2050      27.8      208.0           45        149.3
  2060      27.5      209.5           44        149.0
  2070      26.6      211.0           42        149.6
  2080      26.1      212.5           41        149.0
  2090      25.0      214.0           39        149.6
  2100      24.0      215.5           38        149.0
  2110      22.6      217.0           36        149.3
  2120      21.2      218.5           35        149.3
  2130      20.7      220.0           33        149.0
  2140      19.9      221.5           32        149.3
  2150      18.8      223.0           30        149.0
  2160      17.5      224.4           29        149.3
  2170      17.0      225.9           28        149.0
  2180      17.7      227.4           26        154.4
  2190      26.6      228.5           25        109.4
  2200      25.3      229.4           24         74.2
  2210      26.3      230.1           23         67.6
  2220      25.9      230.5           23         45.7
  2230      21.2      230.9           23         29.8
  2240      18.9      231.2           22         26.6
  2250      16.4      231.4           22         17.8
  2260      16.4      231.5           22         11.7
  2270      15.9      231.6           22          8.7
  2280     -18.1      231.7           22          6.3
  2290     -19.7      231.7           22          3.4
  2300      -4.1      231.7           22          0.5
  2310      -2.5      231.7           22         -0.7
  2320       0.0      231.7           22         -1.8
  2330      -3.7      231.6           22         -9.5
  2340      -2.1      231.5           22        -20.7
  2350       0.0      231.1           22        -31.6
  2360       0.0      230.7           23        -39.6
  2370       0.0      230.2           23        -50.3
  2380       0.0      229.7           24        -51.1
  2390       0.0      229.1           24        -59.6
  2400       0.0      228.3           25        -66.5
  2410       0.0      227.5           26        -72.6
  2420       0.0      226.7           27        -76.9
  2430       0.0      225.8           28        -91.0
  2440       0.0      224.8           29        -97.9
  2450       0.0      223.8           30       -105.4
  2460       0.0      222.6           31       -113.4
  2470       0.0      221.5           32       -121.1
  2480       0.0      220.2           33       -129.9
  2490       0.0      218.8           35       -139.2
  2500      -1.1      217.4           36       -142.9
  2510      -3.9      216.0           37       -143.7
  2520      -5.3      214.5           39       -144.2
  2530      -5.5      213.1           40       -144.2
  2540      -5.2      211.6           42       -144.2
  2550      -5.5      210.2           43       -144.2
  2560      -6.4      208.7           45       -144.5
  2570      -6.7      207.3           46       -144.2
  2580      -7.1      205.8           48       -144.5
  2590      -7.4      204.4           49       -144.2
  2600      -7.7      203.0           50       -144.5
  2610      -8.0      201.5           52       -144.2
  2620      -8.4      200.1           53       -144.2
  2630      -8.7      198.6           55       -144.2
  2640      -9.1      197.2           56       -144.2
  2650     -10.5      195.7           58       -144.5
  2660     -11.9      194.3           59       -144.2
  2670     -12.6      192.9           61       -144.5
  2680     -13.2      191.4           62       -144.8
  2690     -14.8      190.0           63       -145.0
  2700     -15.0      188.5           65       -144.8
  2710     -14.8      187.1           66       -145.0
  2720     -15.8      185.6           68       -144.8
  2730     -17.3      184.2           69       -145.0
  2740     -16.8      182.7           71       -145.0
  2750     -17.0      181.3           72       -144.8
  2760     -16.4      179.8           74       -145.0
  2770     -17.3      178.4           75       -144.8
  2780     -18.2      176.9           77       -145.0
  2790     -18.2      175.5           78       -144.8
  2800     -18.1      174.0           79       -144.8
  2810     -18.2      172.6           81       -144.8
  2820     -18.1      171.1           82       -144.8
  2830     -17.3      169.7           84       -144.5
  2840     -17.2      168.2           85       -144.5
  2850     -17.0      166.8           87       -144.2
  2860     -16.5      165.3           88       -144.2
  2870     -15.9      163.9           90       -144.0
  2880     -14.4      162.5           91       -144.0
  2890     -13.1      161.0           92       -143.7
  2900     -12.5      159.6           94       -143.4
  2910     -11.2      158.2           95       -143.2
  2920      -9.9      156.7           97       -142.9
  2930      -8.2      155.3           98       -142.9
  2940      -6.8      153.9          100       -142.6
  2950      -5.7      152.4          101       -142.6
  2960      -4.4      151.0          102       -142.4
  2970      -2.4      149.6          104       -142.1
  2980      -0.6      148.2          105       -141.6
  2990       0.0      146.8          107       -141.3
  3000      -4.3      145.5          108       -122.4
  3010     -11.8      144.5          109        -86.5
  3020     -11.6      143.7          110        -81.1
  3030      -6.8      143.1          110        -55.9
  3040      -2.5      142.7          111        -41.7
  3050      -1.1      142.3          111        -27.9
  3060      -1.3      142.1          111        -25.8
  3070       0.0      141.9          112        -17.5
  3080       0.0      141.7          112        -12.5
  3090       0.0      141.6          112        -10.1
  3100       0.0      141.6          112         -6.6
  3110       0.0      141.5          112         -3.7
  3120       0.0      141.5          112         -2.1
  3130       2.6      141.5          112         -0.2
  3140       6.2      141.5          112          0.2
  3150      16.0      141.5          112          3.7
  3160      15.3      141.6          112          9.0
  3170      14.6      141.7          112         14.9
  3180      15.2      141.9          112         18.6
  3190      14.4      142.2          111         29.5
  3200      16.1      142.5          111         35.9
  3210      16.0      142.9          111         43.3
  3220      15.9      143.3          110         51.6
  3230      16.9      143.8          110         59.6
  3240      16.0      144.5          109         68.1
  3250      16.5      145.1          108         75.8
  3260      16.8      145.9          108         84.1
  3270      17.1      146.7          107         93.7
  3280      17.4      147.6          106        102.7
  3290      17.3      148.6          105        102.2
  3300      16.4      149.7          104        112.0
  3310      16.5      150.9          103        121.1
  3320      15.0      152.2          101        130.4
  3330      15.7      153.6          100        138.9
  3340      16.3      155.0           98        144.5
  3350      18.1      156.4           97        145.3
  3360      19.4      157.9           96        146.4
  3370      20.3      159.4           94        146.1
  3380      20.6      160.8           93        146.9
  3390      20.3      162.3           91        146.6
  3400      20.7      163.8           90        147.2
  3410      21.4      165.2           88        146.9
  3420      23.3      166.7           87        147.4
  3430      24.5      168.2           85        148.0
  3440      26.2      169.7           84        148.5
  3450      27.2      171.2           82        149.3
  3460      27.9      172.7           81        149.3
  3470      28.0      174.2           79        149.6
  3480      28.2      175.7           78        149.8
  3490      28.4      177.2           76        149.8
  3500      28.6      178.7           75        149.6
  3510      29.0      180.2           73        149.6
  3520      29.1      181.6           72        149.6
  3530      29.8      183.1           70        149.3
  3540      30.5      184.6           69        149.8
  3550      31.2      186.1           67        149.6
  3560      31.7      187.6           66        149.8
  3570      32.2      189.1           64        149.6
  3580      32.6      190.6           63        149.3
  3590      32.8      192.1           61        149.6
  3600      33.5      193.6           60        149.6
  3610      33.3      195.1           58        150.1
  3620      33.2      196.6           57        149.3
  3630      33.5      198.1           55        149.8
  3640      34.0      199.6           54        149.6
  3650      33.0      201.1           52        149.6
  3660      33.3      202.6           51        149.6
  3670      31.9      204.1           49        149.0
  3680      30.8      205.6           48        149.3
  3690      30.2      207.1           46        148.8
  3700      28.8      208.6           45        149.0
  3710      28.2      210.1           43        148.8
  3720      27.0      211.6           42        149.0
  3730      25.9      213.0           40        149.0
  3740      24.3      214.5           39        148.8
  3750      23.3      216.0           37        149.0
  3760      22.2      217.5           36        148.8
  3770      20.6      219.0           34        149.0
  3780      20.2      220.5           33        148.5
  3790      18.9      222.0           31        149.0
  3800      18.1      223.5           30        149.0
  3810      17.4      225.0           28        149.0
  3820      16.9      226.5           27        149.0
  3830      18.9      227.8           26        130.1
  3840      27.3      228.9           25        109.1
  3850      26.3      229.6           24         75.0
  3860      28.1      230.2           23         50.0
  3870      25.7      230.7           23         45.2
  3880      21.2      231.0           22         30.0
  3890      19.3      231.3           22         19.7
  3900      16.3      231.4           22         17.3
  3910      16.4      231.6           22         11.7
  3920      16.3      231.6           22          8.7
  3930     -16.6      231.7           22          5.8
  3940     -18.2      231.8           22          3.9
  3950     -19.4      231.8           22          1.5
  3960      -3.6      231.8           22         -0.7
  3970       0.0      231.8           22         -1.5
  3980      -2.0      231.7           22         -5.3
  3990      -5.2      231.6           22        -17.0
  4000       0.0      231.4           22        -31.6
  4010       0.0      231.0           22        -39.9
  4020       0.0      230.5           23        -47.3
  4030       0.0      230.0           23        -47.6
  4040       0.0      229.4           24        -53.7
  4050       0.0      228.8           25        -62.2
  4060       0.0      228.0           25        -85.7
  4070       0.0      227.2           26        -92.3
  4080       0.0      226.3           27        -97.4
  4090       0.0      225.4           28        -93.9
  4100       0.0      224.4           29       -100.8
  4110       0.0      223.3           30       -108.6
  4120       0.0      222.2           31       -116.6
  4130       0.0      220.9           33       -125.3
  4140      -0.1      219.6           34       -135.2
  4150      -1.5      218.2           35       -142.4
  4160      -4.8      216.8           37       -144.0
  4170      -7.1      215.3           38       -144.5
  4180      -7.5      213.9           40       -144.8
  4190      -6.8      212.4           41       -144.8
  4200      -6.9      211.0           42       -144.8
  4210      -7.4      209.5           44       -144.5
  4220      -8.4      208.1           45       -144.8
  4230      -8.9      206.6           47       -144.8
  4240      -9.1      205.2           48       -144.8
  4250      -9.8      203.7           50       -144.8
  4260     -10.4      202.3           51       -144.8
  4270     -10.3      200.8           53       -144.8
  4280     -10.4      199.4           54       -144.2
  4290     -10.0      197.9           56       -144.5
  4300     -11.1      196.5           57       -144.8
  4310     -12.0      195.0           58       -144.8
  4320     -12.6      193.6           60       -144.8
  4330     -13.0      192.1           61       -145.3
  4340     -14.0      190.7           63       -144.8
  4350     -14.8      189.2           64       -145.0
  4360     -14.2      187.8           66       -145.0
  4370     -13.9      186.3           67       -144.8
  4380     -14.1      184.9           69       -144.8
  4390     -13.7      183.5           70       -144.5
  4400     -13.7      182.0           71       -144.5
  4410     -13.6      180.6           73       -144.2
  4420     -13.9      179.1           74       -144.2
  4430     -14.4      177.7           76       -144.2
  4440     -14.8      176.2           77       -144.5
  4450     -14.9      174.8           79       -144.2
  4460     -14.6      173.4           80       -144.2
  4470     -14.6      171.9           82       -144.2
  4480     -14.4      170.5           83       -144.2
  4490     -14.6      169.0           84       -144.0
  4500     -14.2      167.6           86       -143.7
  4510     -13.7      166.2           87       -143.7
  4520     -13.7      164.7           89       -143.7
  4530     -12.7      163.3           90       -143.4
  4540     -12.1      161.8           92       -143.4
  4550     -11.2      160.4           93       -143.4
  4560     -10.3      159.0           94       -143.2
  4570      -8.9      157.6           96       -142.9
  4580      -7.9      156.1           97       -142.9
  4590      -6.7      154.7           99       -142.6
  4600      -5.5      153.3          100       -142.6
  4610      -4.6      151.8          102       -142.4
  4620      -3.5      150.4          103       -142.4
  4630      -1.7      149.0          104       -142.1
  4640      -0.2      147.6          106       -141.8
  4650      -0.4      146.2          107       -150.4
  4660      -9.0      145.1          108       -111.2
  4670     -14.4      144.1          109        -77.7
  4680     -12.1      143.4          110        -66.0
  4690      -6.2      142.9          111        -44.1
  4700      -3.3      142.5          111        -36.7
  4710      -3.2      142.2          111        -29.8
  4720      -2.2      142.0          111        -21.0
  4730       0.0      141.8          112        -13.8
  4740       0.0      141.7          112        -10.6
  4750       0.0      141.6          112         -6.9
  4760       0.0      141.6          112         -4.7
  4770       0.0      141.5          112         -3.7
  4780       0.0      141.5          112         -2.1
  4790       2.9      141.5          112         -0.5
  4800       6.7      141.5          112          0.5
  4810      16.2      141.5          112          4.2
  4820      14.6      141.6          112          8.7
  4830      14.6      141.7          112         17.0
  4840      14.3      141.9          112         23.1
  4850      14.4      142.2          111         26.3
  4860      15.9      142.5          111         29.5
  4870      16.0      142.9          111         35.1
  4880      16.1      143.3          110         41.7
  4890      16.5      143.8          110         48.7
  4900      16.7      144.4          109         55.1
  4910      17.5      145.1          108         62.0
  4920      18.3      145.8          108         69.2
  4930      18.7      146.7          107         78.2
  4940      19.5      147.7          106         96.9
  4950      19.1      148.7          105        107.2
  4960      18.3      149.9          104        118.4
  4970      18.2      151.1          102        128.8
  4980      17.0      152.5          101        139.7
  4990      18.8      153.9          100        144.8
  5000      20.9      155.4           98        145.8
  5010      21.7      156.9           97        146.4
  5020      22.9      158.3           95        147.2
  5030      23.8      159.8           94        147.7
  5040      23.3      161.3           92        148.0
  5050      23.2      162.8           91        149.0
  5060      23.7      164.3           89        149.0
  5070      24.6      165.8           88        149.8
  5080      27.3      167.3           86        149.6
  5090      28.1      168.8           85        149.8
  5100      29.5      170.2           83        149.8
  5110      30.2      171.7           82        149.8
  5120      30.6      173.2           80        149.8
  5130      31.0      174.7           79        149.8
  5140      31.3      176.2           77        150.4
  5150      31.7      177.7           76        149.8
  5160      32.1      179.2           74        149.8
  5170      32.8      180.7           73        149.6
  5180      33.2      182.2           71        149.8
  5190      33.6      183.7           70        149.6
  5200      35.1      185.2           68        149.8
  5210      35.7      186.7           67        149.8
  5220      37.0      188.2           65        149.6
  5230      37.4      189.7           64        150.1
  5240      38.3      191.2           62        149.3
  5250      37.7      192.7           61        150.1
  5260      37.7      194.2           59        149.8
  5270      38.6      195.7           58        149.8
  5280      38.9      197.2           56        149.6
  5290      37.6      198.7           55        149.6
  5300      37.4      200.2           53        149.6
  5310      36.3      201.7           52        149.0
  5320      35.3      203.2           50        149.6
  5330      34.8      204.7           49        149.0
  5340      33.1      206.2           47        149.3
  5350      31.3      207.7           46        148.8
  5360      30.4      209.2           44        148.5
  5370      29.2      210.7           43        148.8
  5380      28.4      212.2           41        148.8
  5390      27.9      213.6           40        149.3
  5400      26.2      215.1           38        148.5
  5410      24.5      216.6           37        149.0
  5420      23.4      218.1           35        148.5
  5430      22.2      219.6           34        149.0
  5440      21.3      221.1           32        148.8
  5450      20.4      222.6           31        148.8
  5460      19.0      224.1           29        149.0
  5470      18.0      225.6           28        148.5
  5480      17.9      227.0           26        131.2
  5490      26.5      228.3           25        128.8
  5500      27.3      229.2           24         89.7
  5510      27.9      229.9           24         59.9
  5520      28.6      230.5           23         54.0
  5530      24.1      230.8           23         36.2
  5540      21.8      231.1           22         23.9
  5550      18.3      231.3           22         21.0
  5560      17.6      231.5           22         14.9
  5570      17.1      231.6           22         11.1
  5580      16.5      231.7           22          8.2
  5590      15.6      231.7           22          5.8
  5600     -17.1      231.8           22          4.5
  5610     -18.1      231.8           22          2.9
  5620      -4.6      231.8           22          0.7
  5630       0.0      231.8           22         -1.0
  5640       0.0      231.8           22         -2.1
  5650      -6.2      231.7           22         -9.0
  5660      -1.5      231.5           22        -20.4
  5670       0.0      231.2           22        -30.3
  5680       0.0      230.8           23        -37.2
  5690       0.0      230.4           23        -42.0
  5700       0.0      229.9           24        -47.1
  5710       0.0      229.3           24        -53.5
  5720       0.0      228.6           25        -61.4
  5730       0.0      227.9           26        -83.0
  5740       0.0      227.1           26        -88.3
  5750       0.0      226.2           27        -92.9
  5760       0.0      225.4           28        -89.7
  5770       0.0      224.4           29        -96.1
  5780       0.0      223.4           30       -103.2
  5790       0.0      222.3           31       -111.0
  5800       0.0      221.1           32       -119.8
  5810      -1.1      219.9           34       -130.1
  5820      -1.4      218.5           35       -140.2
  5830      -3.8      217.0           36       -143.4
  5840      -7.1      215.6           38       -144.5
  5850      -7.9      214.2           39       -144.8
  5860      -8.1      212.7           41       -144.8
  5870      -8.0      211.3           42       -144.5
  5880      -8.8      209.8           44       -144.5
  5890     -10.1      208.4           45       -145.3
  5900     -10.9      206.9           47       -145.0
  5910     -11.8      205.5           48       -145.3
  5920     -12.2      204.0           49       -145.0
  5930     -12.5      202.5           51       -145.3
  5940     -12.8      201.1           52       -145.0
  5950     -12.7      199.6           54       -145.3
  5960     -13.0      198.2           55       -145.3
  5970     -13.9      196.7           57       -145.0
  5980     -14.8      195.3           58       -145.6
  5990     -14.7      193.8           60       -145.0
  6000     -15.0      192.4           61       -145.6
  6010     -15.4      190.9           63       -145.6
  6020     -16.3      189.5           64       -145.6
  6030     -16.2      188.0           65       -145.3
  6040     -16.1      186.6           67       -145.3
  6050     -16.5      185.1           68       -145.3
  6060     -16.9      183.7           70       -145.0
  6070     -16.2      182.2           71       -145.0
  6080     -16.0      180.8           73       -144.5
  6090     -15.7      179.3           74       -144.5
  6100     -15.9      177.9           76       -144.5
  6110     -15.8      176.4           77       -144.8
  6120     -15.7      175.0           78       -144.5
  6130     -15.3      173.5           80       -144.2
  6140     -15.0      172.1           81       -144.0
  6150     -15.0      170.6           83       -144.2
  6160     -14.8      169.2           84       -144.0
  6170     -14.2      167.8           86       -144.0
  6180     -13.5      166.3           87       -143.7
  6190     -12.9      164.9           89       -143.4
  6200     -11.8      163.4           90       -143.4
  6210     -10.2      162.0           91       -143.2
  6220      -9.3      160.6           93       -142.9
  6230      -8.3      159.2           94       -142.6
  6240      -7.2      157.7           96       -142.6
  6250      -5.9      156.3           97       -142.4
  6260      -3.9      154.9           99       -142.1
  6270      -3.0      153.5          100       -141.8
  6280      -2.0      152.0          101       -141.8
  6290      -0.5      150.6          103       -141.8
  6300       0.0      149.2          104       -141.3
  6310       0.0      147.8          106       -141.3
  6320       0.0      146.4          107       -152.5
  6330      -2.7      145.3          108       -115.0
  6340     -10.2      144.3          109        -80.9
  6350      -8.9      143.5          110        -69.2
  6360      -3.6      143.0          110        -46.3
  6370       0.0      142.6          111        -38.6
  6380       0.0      142.3          111        -25.5
  6390       0.0      142.0          111        -23.6
  6400       0.0      141.9          112        -16.5
  6410       0.0      141.7          112        -10.3
  6420       0.0      141.6          112         -7.7
  6430       0.0      141.6          112         -6.3
  6440       0.0      141.5          112         -3.4
  6450       0.0      141.5          112         -1.3
  6460       2.9      141.5          112          0.5
  6470      12.8      141.5          112          1.0
  6480      17.0      141.6          112          3.7
  6490      15.2      141.6          112          9.5
  6500      14.3      141.8          112         14.9
  6510      15.6      142.0          111         24.2
  6520      14.2      142.3          111         30.6
  6530      15.2      142.6          111         37.0
  6540      16.1      143.0          110         44.1
  6550      15.5      143.4          110         52.1
  6560      15.8      144.0          109         60.1
  6570      16.0      144.6          109         67.6
  6580      16.9      145.2          108         75.6
  6590      17.4      146.0          107         84.1
  6600      18.1      146.8          107         93.9
  6610      18.9      147.7          106         94.7
  6620      18.7      148.8          105        104.8
  6630      17.8      149.9          104        116.3
  6640      18.0      151.1          102        126.1
  6650      16.7      152.5          101        137.1
  6660      18.2      153.9          100        144.2
  6670      20.4      155.4           98        145.8
  6680      22.0      156.8           97        146.6
  6690      23.4      158.3           95        147.4
  6700      24.8      159.8           94        148.0
  6710      24.8      161.3           92        148.5
  6720      25.0      162.7           91        149.0
  6730      25.4      164.2           89        149.3
  6740      26.4      165.7           88        149.6
  6750      28.6      167.2           86        149.6
  6760      29.3      168.7           85        150.1
  6770      31.0      170.2           83        149.8
  6780      31.5      171.7           82        149.8
  6790      31.7      173.2           80        149.8
  6800      31.0      174.7           79        149.8
  6810      30.5      176.2           77        150.1
  6820      30.4      177.7           76        149.6
  6830      30.1      179.2           74        149.6
  6840      30.8      180.7           73        149.3
  6850      30.3      182.2           71        149.6
  6860      30.5      183.7           70        149.3
  6870      30.9      185.2           68        149.6
  6880      31.0      186.7           67        149.6
  6890      31.5      188.2           65        149.3
  6900      31.4      189.7           64        149.8
  6910      31.6      191.2           62        149.0
  6920      31.5      192.7           61        149.6
  6930      31.8      194.2           59        149.6
  6940      31.6      195.7           58        149.8
  6950      31.8      197.2           56        149.6
  6960      31.7      198.7           55        149.6
  6970      32.7      200.2           53        149.8
  6980      32.6      201.7           52        149.6
  6990      32.1      203.2           50        149.8
  7000      31.7      204.7           49        149.3
  7010      30.5      206.1           47        149.6
  7020      30.5      207.6           46        149.3
  7030      30.2      209.1           44        149.0
  7040      29.6      210.6           43        149.3
  7050      29.4      212.1           41        149.0
  7060      28.9      213.6           40        149.6
  7070      28.7      215.1           38        149.0
  7080      26.8      216.6           37        149.3
  7090      26.1      218.1           35        149.0
  7100      24.8      219.6           34        149.0
  7110      24.0      221.1           32        148.8
  7120      22.7      222.6           31        149.0
  7130      21.8      224.1           29        149.0
  7140      20.5      225.5           28        149.0
  7150      20.0      226.9           27        131.7
  7160      29.3      228.3           25        130.1
  7170      29.4      229.2           24         90.5
  7180      31.5      229.9           24         60.6
  7190      32.5      230.5           23         55.1
  7200      28.6      230.9           23         37.2
  7210      26.4      231.2           22         24.2
  7220      22.8      231.4           22         21.2
  7230      20.8      231.5           22         14.1
  7240      19.0      231.6           22          9.0
  7250      17.7      231.7           22          6.6
  7260      16.5      231.8           22          4.7
  7270     -16.0      231.8           22          3.4
  7280     -17.1      231.9           22          2.6
  7290     -18.1      231.9           22          1.5
  7300      -3.2      231.9           22         -0.5
  7310       0.0      231.9           22         -1.3
  7320      -2.6      231.8           22         -6.6
  7330       0.0      231.7           22        -15.7
  7340       0.0      231.4           22        -24.2
  7350       0.0      231.1           22        -29.5
  7360       0.0      230.8           23        -34.0
  7370       0.0      230.3           23        -38.0
  7380       0.0      229.9           24        -44.1
  7390       0.0      229.3           24        -51.6
  7400       0.0      228.7           25        -58.3
  7410       0.0      228.0           25        -63.8
  7420       0.0      227.3           26        -68.4
  7430       0.0      226.4           27        -82.2
  7440       0.0      225.5           28        -99.0
  7450       0.0      224.6           29        -99.3
  7460       0.0      223.5           30       -108.0
  7470       0.0      222.3           31       -117.6
  7480       0.0      221.1           32       -127.7
  7490       0.0      219.7           34       -138.4
  7500      -1.5      218.3           35       -142.9
  7510      -4.5      216.9           37       -144.0
  7520      -6.1      215.4           38       -144.2
  7530      -6.3      214.0           39       -144.2
  7540      -6.7      212.5           41       -144.5
  7550      -8.0      211.1           42       -144.8
  7560      -9.3      209.6           44       -144.5
  7570     -10.4      208.2           45       -145.3
  7580     -11.0      206.7           47       -145.3
  7590     -11.3      205.3           48       -145.3
  7600     -11.6      203.8           50       -145.0
  7610     -11.4      202.4           51       -145.0
  7620     -11.3      200.9           53       -145.0
  7630     -11.6      199.5           54       -145.0
  7640     -12.0      198.0           55       -145.0
  7650     -12.4      196.6           57       -145.0
  7660     -13.7      195.1           58       -145.0
  7670     -14.7      193.7           60       -145.0
  7680     -15.6      192.2           61       -145.3
  7690     -15.9      190.8           63       -145.6
  7700     -15.8      189.3           64       -145.6
  7710     -15.8      187.8           66       -145.3
  7720     -16.6      186.4           67       -145.3
  7730     -17.1      184.9           69       -145.6
  7740     -16.9      183.5           70       -145.3
  7750     -17.4      182.0           71       -145.3
  7760     -17.8      180.6           73       -144.8
  7770     -17.8      179.1           74       -145.0
  7780     -17.6      177.7           76       -144.8
  7790     -17.2      176.2           77       -145.0
  7800     -17.5      174.8           79       -145.0
  7810     -16.8      173.3           80       -144.8
  7820     -16.6      171.9           82       -144.5
  7830     -16.5      170.4           83       -144.2
  7840     -16.8      169.0           84       -144.2
  7850     -16.8      167.5           86       -144.2
  7860     -16.3      166.1           87       -144.5
  7870     -15.8      164.7           89       -144.2
  7880     -14.2      163.2           90       -144.0
  7890     -13.2      161.8           92       -143.7
  7900     -12.2      160.3           93       -143.7
  7910     -10.8      158.9           95       -143.4
  7920      -9.4      157.5           96       -142.9
  7930      -7.3      156.1           97       -142.6
  7940      -5.9      154.6           99       -142.6
  7950      -4.4      153.2          100       -142.4
  7960      -2.5      151.8          102       -142.1
  7970      -1.2      150.4          103       -141.8
  7980       0.0      148.9          105       -141.3
  7990       0.0      147.5          106       -141.0
  8000       0.0      146.2          107       -122.7
  8010      -5.3      145.0          108       -120.3
  8020     -10.2      144.1          109        -85.9
  8030      -7.9      143.4          110        -58.3
  8040      -2.1      142.9          111        -48.9
  8050       0.0      142.5          111        -39.6
  8060       0.0      142.2          111        -29.8
  8070       0.0      142.0          111        -22.6
  8080       0.0      141.8          112        -16.5
  8090       0.0      141.7          112        -11.4
  8100       0.0      141.6          112         -7.7
  8110       0.0      141.5          112         -6.9
  8120       0.0      141.5          112         -4.7
  8130       0.0      141.5          112         -1.8
  8140       5.7      141.5          112          0.2
  8150      18.4      141.5          112          2.9
  8160      14.9      141.6          112          8.5
  8170      14.5      141.7          112         13.5
  8180      15.6      141.9          112         22.8
  8190      14.7      142.2          111         29.2
  8200      16.7      142.5          111         35.9
  8210      17.2      142.8          111         43.6
  8220      17.0      143.3          110         47.6
  8230      17.3      143.8          110         50.5
  8240      16.7      144.4          109         58.0
  8250      17.7      145.1          108         64.9
  8260      17.6      145.9          108         72.4
  8270      17.6      146.8          107         80.9
  8280      17.6      147.8          106         98.5
  8290      17.5      148.9          105        108.0
  8300      16.3      150.0          103        117.9
  8310      16.5      151.3          102        126.7
  8320      14.9      152.6          101        136.8
  8330      16.6      154.0           99        143.2
  8340      17.7      155.5           98        145.6
  8350      19.5      156.9           97        146.1
  8360      21.0      158.4           95        146.6
  8370      22.1      159.9           94        146.9
  8380      22.5      161.3           92        147.4
  8390      22.9      162.8           91        148.0
  8400      22.9      164.3           89        148.5
  8410      23.8      165.8           88        149.3
  8420      25.8      167.3           86        149.3
  8430      27.0      168.8           85        149.8
  8440      28.5      170.3           83        149.6
  8450      29.4      171.8           82        149.8
  8460      30.1      173.3           80        149.8
  8470      30.6      174.8           79        149.8
  8480      30.0      176.3           77        150.4
  8490      29.9      177.8           76        149.6
  8500      29.3      179.3           74        149.8
  8510      29.7      180.8           73        149.3
  8520      29.4      182.3           71        149.6
  8530      29.7      183.8           70        149.3
  8540      30.3      185.3           68        149.6
  8550      30.9      186.8           67        149.8
  8560      31.1      188.3           65        149.6
  8570      31.2      189.8           64        149.8
  8580      31.8      191.2           62        149.6
  8590      32.0      192.7           61        149.8
  8600      32.8      194.2           59        149.6
  8610      32.6      195.7           58        149.8
  8620      32.6      197.2           56        149.6
  8630      32.4      198.7           55        149.3
  8640      33.3      200.2           53        149.8
  8650      33.9      201.7           52        149.6
  8660      33.0      203.2           50        150.1
  8670      32.8      204.7           49        149.6
  8680      30.9      206.2           47        149.6
  8690      30.6      207.7           46        149.3
  8700      30.1      209.2           44        149.0
  8710      28.8      210.7           43        149.3
  8720      28.2      212.2           41        149.0
  8730      26.9      213.7           40        149.6
  8740      25.8      215.2           38        148.5
  8750      24.6      216.7           37        149.0
  8760      23.5      218.1           35        148.8
  8770      22.4      219.6           34        149.0
  8780      21.9      221.1           32        149.0
  8790      21.1      222.6           31        149.0
  8800      19.8      224.1           29        149.6
  8810      19.2      225.6           28        148.8
  8820      18.7      227.1           26        160.2
  8830      27.9      228.3           25        117.1
  8840      28.4      229.3           24         87.8
  8850      30.2      229.9           24         66.2
  8860      30.6      230.5           23         43.9
  8870      26.4      230.9           23         39.4
  8880      24.0      231.1           22         26.0
  8890      21.0      231.3           22         17.0
  8900      19.0      231.5           22         14.9
  8910      18.1      231.6           22          9.8
  8920      16.4      231.7           22          6.1
  8930      15.7      231.7           22          4.5
  8940     -17.1      231.8           22          3.4
  8950     -18.2      231.8           22          2.6
  8960      -3.6      231.8           22          0.0
  8970       0.0      231.8           22         -1.0
  8980      -4.5      231.8           22         -5.8
  8990      -5.2      231.6           22        -16.7
  9000       0.0      231.4           22        -27.6
  9010       0.0      231.0           22        -37.0
  9020       0.0      230.5           23        -43.1
  9030       0.0      230.0           23        -48.9
  9040       0.0      229.4           24        -56.7
  9050       0.0      228.7           25        -65.4
  9060       0.0      227.8           26        -89.7
  9070       0.0      227.0           26        -96.3
  9080       0.0      226.1           27       -101.9
  9090       0.0      225.1           28        -99.3
  9100       0.0      224.0           29       -107.0
  9110       0.0      222.9           31       -116.3
  9120       0.0      221.7           32       -125.9
  9130      -1.0      220.3           33       -136.3
  9140      -3.3      218.9           35       -142.9
  9150      -7.2      217.5           36       -144.5
  9160      -8.9      216.0           37       -145.0
  9170      -9.4      214.6           39       -145.0
  9180      -9.1      213.1           40       -145.0
  9190      -8.9      211.7           42       -145.0
  9200      -9.2      210.2           43       -145.0
  9210      -9.0      208.8           45       -145.0
  9220      -9.3      207.3           46       -145.0
  9230      -9.3      205.9           48       -145.0
  9240      -9.8      204.4           49       -144.8
  9250     -10.0      203.0           50       -144.8
  9260     -10.3      201.5           52       -144.8
  9270     -10.5      200.1           53       -144.8
  9280     -10.8      198.6           55       -144.8
  9290     -11.6      197.2           56       -144.8
  9300     -12.6      195.7           58       -145.0
  9310     -13.6      194.3           59       -145.0
  9320     -14.0      192.8           61       -145.3
  9330     -14.5      191.4           62       -145.3
  9340     -15.2      189.9           64       -145.6
  9350     -15.5      188.4           65       -145.3
  9360     -15.0      187.0           66       -145.0
  9370     -14.8      185.5           68       -145.0
  9380     -15.7      184.1           69       -145.0
  9390     -15.6      182.6           71       -145.0
  9400     -14.5      181.2           72       -144.8
  9410     -14.4      179.7           74       -144.5
  9420     -14.7      178.3           75       -144.5
  9430     -15.6      176.9           77       -144.5
  9440     -15.7      175.4           78       -144.5
  9450     -15.5      174.0           79       -144.5
  9460     -15.9      172.5           81       -144.5
  9470     -15.3      171.1           82       -144.2
  9480     -15.3      169.6           84       -144.2
  9490     -15.6      168.2           85       -144.0
  9500     -15.2      166.8           87       -144.0
  9510     -14.4      165.3           88       -144.0
  9520     -13.8      163.9           90       -143.7
  9530     -13.1      162.4           91       -143.4
  9540     -11.9      161.0           92       -143.7
  9550     -11.1      159.6           94       -143.4
  9560      -9.7      158.1           95       -143.2
  9570      -8.1      156.7           97       -142.6
  9580      -6.9      155.3           98       -142.6
  9590      -5.6      153.9          100       -142.4
  9600      -4.5      152.4          101       -142.4
  9610      -2.8      151.0          102       -142.1
  9620      -1.4      149.6          104       -141.8
  9630       0.0      148.2          105       -141.6
  9640       0.0      146.8          107       -140.5
  9650      -4.1      145.5          108       -122.4
  9660     -12.1      144.5          109        -86.7
  9670     -12.2      143.7          110        -81.1
  9680      -7.8      143.1          110        -56.1
  9690      -3.5      142.6          111        -41.7
  9700      -1.6      142.3          111        -27.6
  9710      -1.3      142.1          111        -25.5
  9720       0.0      141.9          112        -17.5
  9730       0.0      141.7          112        -13.5
  9740       0.0      141.6          112         -9.3
  9750       0.0      141.6          112         -5.5
  9760       0.0      141.5          112         -3.7
  9770       0.0      141.5          112         -1.8
  9780       2.5      141.5          112         -0.5
  9790       6.2      141.5          112          0.2
  9800      16.0      141.5          112          2.3
  9810      13.8      141.6          112          7.1
  9820      12.4      141.7          112         14.6
  9830      13.8      141.9          112         19.1
  9840      11.9      142.1          111         24.2
  9850      13.2      142.3          111         25.8
  9860      13.5      142.6          111         27.6
  9870      12.4      143.0          110         35.6
  9880      12.3      143.3          110         37.5
  9890      12.5      143.8          110         40.9
  9900      13.0      144.3          109         45.2
  9910      13.5      144.8          109         49.2
  9920      14.2      145.4          108         53.7
  9930      14.8      146.0          107         59.6
  9940      15.0      146.8          107         66.0
  9950      15.3      147.6          106         88.1
  9960      15.2      148.4          105         87.3
  9970      15.3      149.4          104         95.8
  9980      15.3      150.4          103        103.5
  9990      16.3      151.5          102        111.8
 10000      16.0      152.7          101        120.8
 10010      16.2      153.9          100        129.9
 10020      15.8      155.3           98        139.7
 10030      16.9      156.8           97        144.5
 10040      19.0      158.2           95        146.4
 10050      19.6      159.7           94        146.4
 10060      20.3      161.1           92        146.6
 10070      20.2      162.6           91        146.9
 10080      19.8      164.1           89        146.9
 10090      19.9      165.6           88        147.2
 10100      21.8      167.0           86        147.4
 10110      22.7      168.5           85        148.0
 10120      23.9      170.0           83        148.0
 10130      24.9      171.5           82        148.8
 10140      25.3      173.0           80        148.8
 10150      25.3      174.5           79        149.3
 10160      25.7      176.0           77        149.8
 10170      26.1      177.5           76        149.6
 10180      26.6      179.0           74        149.8
 10190      27.5      180.5           73        149.6
 10200      27.7      182.0           71        149.8
 10210      28.6      183.4           70        149.6
 10220      28.8      184.9           69        149.6
 10230      29.7      186.4           67        149.8
 10240      30.6      187.9           66        149.8
 10250      31.0      189.4           64        149.8
 10260      31.5      190.9           63        149.6
 10270      31.9      192.4           61        149.8
 10280      32.6      193.9           60        149.6
 10290      33.2      195.4           58        150.1
 10300      33.3      196.9           57        149.6
 10310      33.1      198.4           55        149.8
 10320      33.8      199.9           54        149.8
 10330      34.3      201.4           52        149.8
 10340      33.9      202.9           51        149.8
 10350      33.7      204.4           49        149.3
 10360      32.3      205.9           48        149.6
 10370      31.1      207.4           46        149.0
 10380      30.6      208.9           45        149.0
 10390      29.0      210.4           43        149.0
 10400      28.1      211.9           42        149.0
 10410      27.0      213.4           40        149.6
 10420      25.5      214.9           39        148.8
 10430      24.2      216.3           37        149.0
 10440      22.7      217.8           36        148.8
 10450      21.0      219.3           34        149.0
 10460      20.3      220.8           33        148.8
 10470      18.9      222.3           31        149.0
 10480      17.6      223.8           30        149.0
 10490      17.3      225.3           28        148.8
 10500      16.6      226.8           27        148.0
 10510      20.3      228.1           25        133.1
 10520      26.5      229.0           24         94.2
 10530      25.6      229.8           24         63.3
 10540      26.8      230.3           23         51.9
 10550      24.0      230.8           23         34.3
 10560      19.6      231.1           22         30.0
 10570      18.5      231.3           22         20.2
 10580      16.3      231.4           22         12.7
 10590      15.8      231.6           22         10.9
 10600     -18.1      231.6           22          7.9
 10610     -19.4      231.7           22          4.7
 10620     -18.9      231.7           22          1.3
 10630      -1.5      231.7           22         -0.2
 10640       0.0      231.7           22         -1.5
 10650      -2.6      231.6           22         -9.3
 10660      -1.1      231.5           22        -18.9
 10670       0.0      231.2           22        -29.8
 10680       0.0      230.8           23        -42.3
 10690       0.0      230.3           23        -44.9
 10700       0.0      229.7           24        -51.6
 10710       0.0      229.1           24        -59.9
 10720       0.0      228.4           25        -68.1
 10730       0.0      227.6           26        -74.8
 10740       0.0      226.7           27        -79.6
 10750       0.0      225.7           28        -93.7
 10760       0.0      224.7           29        -99.8
 10770       0.0      223.7           30       -107.0
 10780       0.0      222.6           31       -114.4
 10790       0.0      221.4           32       -122.1
 10800       0.0      220.1           33       -129.6
 10810       0.0      218.7           35       -138.7
 10820      -0.5      217.3           36       -142.9
 10830      -3.1      215.9           38       -143.7
 10840      -4.8      214.4           39       -144.2
 10850      -5.5      213.0           40       -144.8
 10860      -5.5      211.5           42       -144.5
 10870      -6.0      210.1           43       -144.5
 10880      -6.4      208.6           45       -144.5
 10890      -7.3      207.2           46       -145.0
 10900      -7.7      205.7           48       -144.8
 10910      -7.9      204.3           49       -144.5
 10920      -7.7      202.8           51       -144.8
 10930      -8.1      201.4           52       -144.2
 10940      -8.4      200.0           53       -144.5
 10950      -8.8      198.5           55       -144.5
 10960      -9.6      197.1           56       -144.5
 10970     -10.5      195.6           58       -144.8
 10980     -11.8      194.2           59       -144.8
 10990     -12.5      192.7           61       -145.0
 11000     -13.2      191.3           62       -145.0
 11010     -14.1      189.8           64       -145.3
 11020     -15.0      188.4           65       -145.0
 11030     -15.4      186.9           67       -145.0
 11040     -15.3      185.5           68       -145.0
 11050     -15.2      184.0           69       -145.0
 11060     -16.1      182.6           71       -145.0
 11070     -16.0      181.1           72       -145.0
 11080     -15.7      179.7           74       -144.8
 11090     -15.3      178.2           75       -144.8
 11100     -15.3      176.8           77       -144.5
 11110     -15.6      175.3           78       -144.8
 11120     -15.0      173.9           80       -144.5
 11130     -14.4      172.4           81       -144.2
 11140     -14.9      171.0           82       -144.2
 11150     -14.7      169.5           84       -144.0
 11160     -13.6      168.1           85       -144.2
 11170     -13.4      166.7           87       -143.7
 11180     -12.9      165.2           88       -143.7
 11190     -12.0      163.8           90       -143.4
 11200     -10.3      162.4           91       -143.2
 11210      -8.9      160.9           93       -143.2
 11220      -8.3      159.5           94       -142.9
 11230      -6.4      158.1           95       -142.4
 11240      -5.2      156.6           97       -142.1
 11250      -3.0      155.2           98       -142.1
 11260      -2.0      153.8          100       -141.8
 11270      -0.5      152.4          101       -141.6
 11280       0.0      151.0          102       -141.3
 11290       0.0      149.6          104       -141.0
 11300       0.0      148.2          105       -141.0
 11310       0.0      146.7          107       -140.0
 11320       0.0      145.5          108       -121.3
 11330       0.0      144.5          109        -84.6
 11340      -9.9      143.7          110        -80.3
 11350      -7.5      143.1          110        -56.1
 11360      -1.0      142.7          111        -42.0
 11370       0.0      142.3          111        -27.9
 11380       0.0      142.1          111        -24.7
 11390       0.0      141.9          112        -18.9
 11400       0.0      141.8          112        -12.7
 11410       0.0      141.7          112         -8.5
 11420       0.0      141.6          112         -7.4
 11430       0.0      141.5          112         -4.5
 11440       0.0      141.5          112         -2.6
 11450       7.2      141.5          112          0.0
 11460      17.5      141.5          112          2.6
 11470      13.9      141.6          112          8.2
 11480      12.8      141.7          112         12.2
 11490      14.1      141.9          112         16.5
 11500      13.2      142.1          111         25.5
 11510      14.9      142.4          111         30.8
 11520      15.2      142.7          111         37.5
 11530      15.0      143.1          110         44.7
 11540      14.3      143.6          110         51.9
 11550      13.3      144.1          109         58.8
 11560      14.2      144.7          109         64.9
 11570      14.4      145.3          108         70.8
 11580      15.3      146.0          107         78.0
 11590      15.6      146.8          107         85.9
 11600      15.8      147.6          106         93.9
 11610      15.6      148.5          105         93.1
 11620      14.6      149.5          104        101.6
 11630      15.4      150.6          103        109.1
 11640      14.1      151.7          102        117.4
 11650      13.9      153.0          100        125.3
 11660      14.2      154.3           99        133.1
 11670      13.5      155.7           98        141.6
 11680      15.0      157.1           96        144.5
 11690      16.5      158.6           95        145.6
 11700      16.9      160.0           93        145.8
 11710      17.5      161.5           92        145.8
 11720      17.3      163.0           90        146.4
 11730      17.3      164.4           89        146.1
 11740      18.0      165.9           88        146.6
 11750      19.5      167.3           86        146.1
 11760      20.5      168.8           85        146.9
 11770      21.9      170.3           83        146.6
 11780      22.6      171.8           82        147.2
 11790      23.6      173.2           80        146.9
 11800      24.0      174.7           79        147.7
 11810      24.2      176.2           77        148.0
 11820      24.6      177.7           76        148.2
 11830      24.7      179.2           74        149.0
 11840      25.4      180.6           73        148.8
 11850      25.4      182.1           71        149.0
 11860      26.0      183.6           70        149.0
 11870      26.7      185.1           68        149.6
 11880      27.5      186.6           67        149.8
 11890      28.2      188.1           65        149.3
 11900      28.7      189.6           64        149.8
 11910      29.1      191.1           62        149.6
 11920      29.4      192.6           61        150.1
 11930      30.7      194.1           59        149.8
 11940      31.1      195.6           58        150.1
 11950      31.6      197.1           56        149.8
 11960      31.9      198.6           55        149.6
 11970      31.3      200.1           53        149.8
 11980      32.6      201.6           52        149.8
 11990      33.1      203.1           50        150.4
 12000      32.8      204.6           49        149.6
 12010      32.0      206.1           47        149.8
 12020      31.0      207.6           46        149.3
 12030      30.1      209.1           44        149.3
 12040      29.5      210.6           43        149.3
 12050      28.7      212.1           41        149.3
 12060      28.4      213.6           40        149.3
 12070      27.0      215.0           38        148.8
 12080      25.3      216.5           37        149.3
 12090      24.8      218.0           35        148.8
 12100      23.7      219.5           34        149.0
 12110      22.6      221.0           32        149.0
 12120      21.5      222.5           31        149.0
 12130      20.3      224.0           29        149.0
 12140      19.1      225.5           28        148.5
 12150      18.6      226.9           27        134.1
 12160      27.2      228.2           25        107.2
 12170      28.8      229.1           24         91.5
 12180      30.1      229.9           24         61.2
 12190      31.2      230.5           23         54.8
 12200      27.4      230.9           23         40.7
 12210      25.3      231.1           22         27.4
 12220      21.9      231.4           22         21.5
 12230      19.7      231.5           22         14.1
 12240      18.5      231.6           22          9.0
 12250      16.4      231.7           22          6.3
 12260      16.3      231.8           22          4.7
 12270     -17.1      231.8           22          3.4
 12280     -17.6      231.8           22          2.6
 12290      -4.7      231.9           22          0.7
 12300       0.0      231.8           22         -1.3
 12310      -1.5      231.8           22         -2.6
 12320      -5.1      231.7           22        -11.7
 12330      -0.2      231.5           22        -26.8
 12340       0.0      231.1           22        -34.3
 12350       0.0      230.7           23        -50.0
 12360       0.0      230.2           23        -56.4
 12370       0.0      229.6           24        -63.8
 12380       0.0      229.0           24        -73.7
 12390       0.0      228.2           25        -83.5
 12400       0.0      227.4           26        -90.5
 12410       0.0      226.6           27        -95.5
 12420       0.0      225.6           28       -100.8
 12430       0.0      224.7           29        -98.5
 12440       0.0      223.6           30       -105.9
 12450       0.0      222.5           31       -114.2
 12460       0.0      221.3           32       -122.4
 12470       0.0      220.0           33       -131.2
 12480      -0.3      218.6           35       -140.5
 12490      -2.6      217.2           36       -143.4
 12500      -4.9      215.8           38       -144.2
 12510      -5.9      214.3           39       -144.8
 12520      -6.2      212.9           41       -144.8
 12530      -5.9      211.4           42       -144.5
 12540      -6.7      210.0           43       -144.5
 12550      -7.6      208.5           45       -145.3
 12560      -8.9      207.1           46       -145.0
 12570      -9.2      205.6           48       -145.0
 12580      -9.7      204.2           49       -144.8
 12590      -9.9      202.7           51       -145.0
 12600     -10.2      201.3           52       -144.8
 12610     -10.6      199.8           54       -145.0
 12620     -10.9      198.4           55       -144.8
 12630     -11.5      196.9           57       -144.8
 12640     -12.6      195.5           58       -144.8
 12650     -13.5      194.0           59       -145.0
 12660     -13.9      192.6           61       -145.3
 12670     -14.6      191.1           62       -145.3
 12680     -15.1      189.7           64       -145.3
 12690     -15.2      188.2           65       -145.0
 12700     -15.6      186.8           67       -145.3
 12710     -15.3      185.3           68       -145.3
 12720     -15.2      183.9           70       -145.0
 12730     -15.7      182.4           71       -145.0
 12740     -15.6      181.0           72       -145.0
 12750     -15.5      179.5           74       -144.8
 12760     -15.3      178.1           75       -144.8
 12770     -15.7      176.6           77       -144.8
 12780     -15.7      175.2           78       -144.5
 12790     -15.6      173.7           80       -144.5
 12800     -15.5      172.3           81       -144.5
 12810     -14.9      170.8           83       -144.2
 12820     -15.3      169.4           84       -144.2
 12830     -15.1      168.0           85       -144.0
 12840     -14.6      166.5           87       -144.0
 12850     -13.9      165.1           88       -143.7
 12860     -13.5      163.6           90       -143.7
 12870     -11.8      162.2           91       -143.7
 12880     -11.1      160.8           93       -143.4
 12890     -10.1      159.3           94       -143.4
 12900      -8.5      157.9           96       -143.2
 12910      -7.5      156.5           97       -142.6
 12920      -5.5      155.0           98       -142.6
 12930      -4.3      153.6          100       -142.4
 12940      -2.6      152.2          101       -142.4
 12950      -1.3      150.8          103       -141.8
 12960       0.0      149.4          104       -141.8
 12970       0.0      147.9          106       -141.3
 12980       0.0      146.5          107       -140.2
 12990      -3.2      145.4          108       -117.6
 13000     -10.6      144.4          109        -82.7
 13010     -10.5      143.6          110        -77.4
 13020      -6.2      143.0          110        -53.5
 13030      -2.5      142.6          111        -39.9
 13040      -0.3      142.3          111        -26.8
 13050       0.0      142.0          111        -24.4
 13060       0.0      141.9          112        -16.5
 13070       0.0      141.7          112        -10.6
 13080       0.0      141.6          112         -9.5
 13090       0.0      141.6          112         -6.3
 13100       0.0      141.5          112         -3.4
 13110       0.0      141.5          112         -1.3
 13120       3.2      141.5          112          0.2
 13130      14.9      141.5          112          1.3
 13140      15.4      141.5          112          6.1
 13150      13.8      141.6          112         11.1
 13160      13.7      141.8          112         14.6
 13170      13.3      142.0          111         21.2
 13180      13.1      142.2          111         25.8
 13190      13.5      142.6          111         34.0
 13200      13.0      142.9          111         39.6
 13210      12.9      143.3          110         45.5
 13220      12.8      143.8          110         51.3
 13230      13.2      144.3          109         56.7
 13240      14.0      144.8          109         62.2
 13250      14.9      145.4          108         67.8
 13260      15.7      146.1          107         75.6
 13270      16.3      146.8          107         84.1
 13280      17.4      147.7          106         84.3
 13290      17.5      148.6          105         93.1
 13300      16.8      149.6          104        103.5
 13310      17.5      150.7          103        112.8
 13320      17.7      151.9          102        122.9
 13330      17.6      153.2          100        133.3
 13340      18.0      154.6           99        142.9
 13350      20.2      156.1           97        145.6
 13360      21.7      157.5           96        146.9
 13370      22.4      159.0           94        147.2
 13380      23.1      160.5           93        148.0
 13390      23.2      161.9           92        147.7
 13400      23.2      163.4           90        148.5
 13410      23.4      164.9           89        148.8
 13420      25.2      166.4           87        149.6
 13430      26.7      167.9           86        149.6
 13440      28.3      169.4           84        149.8
 13450      29.4      170.9           83        149.8
 13460      29.9      172.4           81        149.8
 13470      29.5      173.9           80        149.8
 13480      30.0      175.4           78        149.6
 13490      30.2      176.9           77        150.1
 13500      30.9      178.4           75        149.8
 13510      31.0      179.9           74        149.8
 13520      31.5      181.4           72        149.6
 13530      32.2      182.9           71        149.3
 13540      32.6      184.4           69        149.6
 13550      33.2      185.9           68        149.6
 13560      33.8      187.4           66        149.8
 13570      34.5      188.9           65        149.6
 13580      35.2      190.4           63        149.6
 13590      35.3      191.9           62        149.6
 13600      35.7      193.4           60        149.6
 13610      36.1      194.9           59        149.8
 13620      36.0      196.4           57        149.6
 13630      36.9      197.9           56        149.8
 13640      36.5      199.4           54        149.6
 13650      35.0      200.9           53        149.6
 13660      35.1      202.4           51        149.6
 13670      33.6      203.9           50        149.3
 13680      32.6      205.3           48        149.3
 13690      31.1      206.8           47        148.8
 13700      29.9      208.3           45        148.8
 13710      28.9      209.8           44        148.5
 13720      27.9      211.3           42        148.8
 13730      27.2      212.8           41        149.0
 13740      26.0      214.3           39        148.8
 13750      24.6      215.8           38        148.8
 13760      23.7      217.3           36        148.8
 13770      22.2      218.8           35        149.0
 13780      21.8      220.2           33        148.8
 13790      20.4      221.7           32        149.0
 13800      19.7      223.2           30        148.8
 13810      18.5      224.7           29        149.3
 13820      17.8      226.2           27        148.8
 13830      20.9      227.6           26        148.0
 13840      27.9      228.7           25        104.8
 13850      26.8      229.6           24         86.7
 13860      29.5      230.2           23         59.3
 13870      27.7      230.6           23         39.4
 13880      23.3      231.0           22         35.1
 13890      21.2      231.2           22         23.6
 13900      18.5      231.4           22         15.1
 13910      16.4      231.6           22         13.3
 13920      16.3      231.7           22          9.8
 13930     -17.0      231.7           22          7.4
 13940     -18.1      231.8           22          5.3
 13950     -19.7      231.8           22          2.6
 13960      -2.5      231.8           22         -0.2
 13970      -8.3      231.8           22         -0.7
 13980      -5.8      231.8           22         -4.5
 13990      -5.7      231.6           22        -15.4
 14000       0.0      231.4           22        -27.6
 14010       0.0      231.0           22        -41.7
 14020       0.0      230.5           23        -45.2
 14030       0.0      229.9           24        -51.6
 14040       0.0      229.3           24        -59.1
 14050       0.0      228.6           25        -68.1
 14060       0.0      227.8           26        -75.8
 14070       0.0      226.9           27        -80.9
 14080       0.0      225.9           28        -95.0
 14090       0.0      224.9           29       -101.6
 14100       0.0      223.8           30       -109.6
 14110       0.0      222.7           31       -118.4
 14120       0.0      221.4           32       -127.5
 14130       0.0      220.1           33       -136.8
 14140      -2.1      218.6           35       -142.9
 14150      -5.2      217.2           36       -144.2
 14160      -6.9      215.7           38       -144.8
 14170      -7.6      214.3           39       -145.0
 14180      -7.7      212.8           41       -144.8
 14190      -7.8      211.4           42       -144.8
 14200      -8.3      209.9           44       -144.8
 14210      -8.3      208.5           45       -145.0
 14220      -7.8      207.0           46       -145.0
 14230      -7.6      205.6           48       -144.8
 14240      -8.4      204.2           49       -144.5
 14250      -8.8      202.7           51       -144.8
 14260      -8.7      201.3           52       -144.5
 14270      -9.1      199.8           54       -144.8
 14280      -9.3      198.4           55       -144.5
 14290      -9.8      196.9           57       -144.8
 14300     -11.3      195.5           58       -144.8
 14310     -12.0      194.0           59       -144.5
 14320     -12.4      192.6           61       -145.3
 14330     -13.0      191.1           62       -145.0
 14340     -13.6      189.7           64       -145.0
 14350     -14.0      188.2           65       -145.0
 14360     -14.4      186.8           67       -145.0
 14370     -14.8      185.3           68       -145.3
 14380     -14.7      183.9           70       -145.0
 14390     -14.1      182.4           71       -144.8
 14400     -13.5      181.0           72       -144.5
 14410     -13.9      179.5           74       -144.5
 14420     -14.3      178.1           75       -144.5
 14430     -15.2      176.6           77       -144.5
 14440     -15.6      175.2           78       -144.2
 14450     -15.6      173.7           80       -144.8
 14460     -16.0      172.3           81       -144.5
 14470     -16.1      170.9           83       -144.5
 14480     -16.2      169.4           84       -144.2
 14490     -15.6      168.0           85       -144.5
 14500     -15.2      166.5           87       -144.2
 14510     -14.0      165.1           88       -144.0
 14520     -13.5      163.6           90       -143.7
 14530     -11.8      162.2           91       -143.4
 14540     -10.7      160.8           93       -143.2
 14550      -9.4      159.3           94       -142.9
 14560      -7.9      157.9           96       -142.9
 14570      -6.5      156.5           97       -142.6
 14580      -5.2      155.1           98       -142.4
 14590      -3.5      153.6          100       -142.1
 14600      -2.1      152.2          101       -141.8
 14610      -0.6      150.8          103       -141.8
 14620       0.0      149.4          104       -141.6
 14630       0.0      148.0          105       -141.3
 14640       0.0      146.6          107       -126.4
 14650       0.0      145.4          108       -106.2
 14660      -9.3      144.3          109       -101.9
 14670     -10.1      143.6          110        -71.6
 14680      -5.4      143.0          110        -58.8
 14690      -1.3      142.6          111        -39.9
 14700       0.0      142.3          111        -29.8
 14710       0.0      142.0          111        -24.7
 14720       0.0      141.9          112        -16.7
 14730       0.0      141.7          112        -10.9
 14740       0.0      141.6          112         -8.2
 14750       0.0      141.6          112         -6.3
 14760       0.0      141.5          112         -4.5
 14770       0.0      141.5          112         -2.9
 14780       8.3      141.5          112         -0.2
 14790      16.0      141.5          112          2.9
 14800      13.3      141.6          112          8.5
 14810      13.8      141.7          112         12.5
 14820      13.8      141.8          112         15.7
 14830      13.3      142.0          111         19.9
 14840      15.1      142.3          111         29.8
 14850      14.9      142.6          111         36.4
 14860      14.7      143.0          110         43.6
 14870      14.7      143.5          110         50.5
 14880      13.7      144.0          109         57.7
 14890      14.7      144.5          109         63.8
 14900      16.0      145.2          108         70.5
 14910      16.3      145.9          108         78.0
 14920      16.2      146.6          107         87.3
 14930      16.8      147.5          106         88.9
 14940      17.2      148.4          105         96.1
 14950      15.8      149.5          104        105.9
 14960      16.6      150.6          103        114.4
 14970      16.2      151.8          102        123.5
 14980      16.0      153.1          100        132.8
 14990      16.1      154.5           99        141.6
 15000      17.6      155.9           98        145.3
 15010      19.8      157.4           96        146.4
 15020      20.4      158.9           95        146.6
 15030      20.9      160.3           93        147.2
 15040      21.3      161.8           92        147.4
 15050      20.7      163.3           90        147.7
 15060      21.1      164.8           89        147.7
 15070      22.3      166.2           87        148.5
 15080      23.9      167.7           86        148.8
 15090      25.2      169.2           84        149.6
 15100      26.5      170.7           83        149.6
 15110      27.2      172.2           81        149.6
 15120      27.3      173.7           80        149.8
 15130      28.1      175.2           78        149.8
 15140      28.5      176.7           77        150.1
 15150      28.9      178.2           75        149.8
 15160      29.1      179.7           74        149.8
 15170      29.3      181.2           72        149.6
 15180      29.7      182.7           71        149.3
 15190      29.6      184.2           69        149.6
 15200      30.0      185.7           68        149.6
 15210      30.0      187.2           66        149.8
 15220      30.3      188.7           65        149.6
 15230      30.2      190.2           63        149.6
 15240      30.1      191.7           62        149.3
 15250      30.0      193.2           60        149.6
 15260      29.8      194.7           59        149.8
 15270      29.4      196.2           57        149.6
 15280      28.7      197.7           56        149.6
 15290      28.4      199.2           54        149.0
 15300      28.2      200.7           53        149.6
 15310      29.0      202.1           51        149.6
 15320      27.8      203.6           50        149.8
 15330      27.3      205.1           48        149.3
 15340      26.4      206.6           47        149.3
 15350      25.6      208.1           45        149.3
 15360      25.1      209.6           44        148.8
 15370      24.3      211.1           42        149.3
 15380      24.0      212.6           41        149.0
 15390      23.3      214.1           39        149.3
 15400      22.6      215.6           38        149.3
 15410      21.8      217.1           36        149.0
 15420      20.9      218.6           35        149.3
 15430      20.8      220.1           33        149.0
 15440      19.9      221.6           32        149.6
 15450      19.3      223.0           30        149.0
 15460      18.3      224.5           29        149.3
 15470      18.5      226.0           27        149.0
 15480      19.5      227.4           26        124.8
 15490      28.4      228.6           25        119.0
 15500      27.4      229.4           24         82.2
 15510      30.5      230.1           23         60.1
 15520      30.3      230.6           23         45.2
 15530      26.7      231.0           22         29.5
 15540      24.2      231.2           22         26.3
 15550      21.8      231.4           22         17.0
 15560      20.0      231.5           22         11.4
 15570      18.7      231.6           22          7.9
 15580      18.2      231.7           22          6.3
 15590      17.1      231.8           22          4.2
 15600      16.4      231.8           22          2.9
 15610     -16.5      231.8           22          2.9
 15620     -17.1      231.8           22          1.8
 15630      -2.0      231.9           22          0.7
 15640      -4.6      231.9           22         -0.5
 15650       0.0      231.8           22         -1.5
 15660       0.0      231.8           22         -3.7
 15670      -2.0      231.7           22        -15.1
 15680       0.0      231.5           22        -25.0
 15690       0.0      231.1           22        -38.3
 15700       0.0      230.7           23        -44.9
 15710       0.0      230.3           23        -49.5
 15720       0.0      229.8           24        -56.1
 15730       0.0      229.2           24        -64.1
 15740       0.0      228.6           25        -65.7
 15750       0.0      227.9           26        -64.6
 15760       0.0      227.2           26        -69.4
 15770       0.0      226.4           27        -74.0
 15780       0.0      225.4           28        -89.7
 15790       0.0      224.5           29        -97.4
 15800       0.0      223.4           30       -105.4
 15810       0.0      222.3           31       -113.1
 15820       0.0      221.1           32       -120.8
 15830       0.0      219.9           34       -129.1
 15840       0.0      218.5           35       -137.9
 15850       0.0      217.1           36       -142.4
 15860      -0.7      215.7           38       -143.4
 15870      -2.9      214.2           39       -143.7
 15880      -3.5      212.8           41       -144.0
 15890      -3.6      211.3           42       -144.0
 15900      -4.1      209.9           44       -144.0
 15910      -5.4      208.5           45       -144.2
 15920      -6.5      207.0           46       -144.5
 15930      -7.1      205.6           48       -144.5
 15940      -7.3      204.1           49       -144.2
 15950      -6.8      202.7           51       -144.2
 15960      -6.6      201.2           52       -144.2
 15970      -7.0      199.8           54       -144.2
 15980      -7.3      198.4           55       -144.0
 15990      -7.7      196.9           57       -144.0
 16000      -8.9      195.5           58       -144.2
 16010      -9.8      194.0           59       -144.2
 16020     -10.3      192.6           61       -144.5
 16030     -11.3      191.1           62       -144.5
 16040     -12.0      189.7           64       -144.8
 16050     -13.3      188.2           65       -144.8
 16060     -14.1      186.8           67       -145.0
 16070     -14.7      185.3           68       -144.8
 16080     -14.7      183.9           70       -145.0
 16090     -14.9      182.4           71       -144.8
 16100     -14.6      181.0           72       -144.8
 16110     -15.0      179.5           74       -144.8
 16120     -14.9      178.1           75       -144.5
 16130     -14.7      176.6           77       -144.5
 16140     -14.1      175.2           78       -144.2
 16150     -14.0      173.8           80       -144.2
 16160     -14.5      172.3           81       -144.2
 16170     -14.6      170.9           83       -144.2
 16180     -14.7      169.4           84       -144.0
 16190     -14.1      168.0           85       -144.0
 16200     -14.0      166.6           87       -143.7
 16210     -12.9      165.1           88       -143.7
 16220     -12.2      163.7           90       -143.7
 16230     -10.8      162.2           91       -143.2
 16240      -9.3      160.8           93       -143.2
 16250      -8.3      159.4           94       -142.9
 16260      -7.4      158.0           95       -142.6
 16270      -6.0      156.5           97       -142.4
 16280      -4.8      155.1           98       -142.4
 16290      -3.5      153.7          100       -142.1
 16300      -2.5      152.3          101       -141.8
 16310      -1.4      150.8          103       -141.8
 16320      -0.2      149.4          104       -142.1
 16330       0.0      148.0          105       -141.6
 16340       0.0      146.7          107       -126.9
 16350      -4.9      145.4          108       -107.2
 16360     -12.4      144.3          109       -103.0
 16370     -12.2      143.6          110        -72.1
 16380      -7.8      143.0          110        -59.1
 16390      -5.2      142.6          111        -40.4
 16400      -3.4      142.3          111        -33.0
 16410      -2.3      142.0          111        -22.6
 16420       0.0      141.9          112        -13.8
 16430       0.0      141.7          112        -12.7
 16440       0.0      141.6          112         -7.9
 16450       0.0      141.6          112         -4.7
 16460       0.0      141.5          112         -2.9
 16470       4.8      141.5          112         -0.2
 16480       4.8      141.5          112          0.7
 16490      11.5      141.6          112          3.1
 16500      11.2      141.6          112          6.1
 16510      11.5      141.7          112          9.5
 16520      11.7      141.8          112         11.7
 16530      12.2      142.0          111         18.1
 16540      12.1      142.2          111         20.4
 16550      12.6      142.4          111         26.6
