G, S nb
1/4/2006 10:15:45 AM
Set #2

  TIME    TORQUE   POSITION    POS (ANAT)    VELOCITY
  mSec    FT-LBS    Degrees      Degrees       DEG/SEC
     0      22.7      131.1           92        126.4
    10      20.9      129.7           90        142.1
    20      21.6      128.2           89        148.5
    30      22.2      126.7           87        148.8
    40      22.2      125.2           86        149.0
    50      20.8      123.7           84        149.3
    60      20.4      122.2           83        149.3
    70      20.4      120.7           81        149.3
    80      20.5      119.2           80        149.6
    90      20.6      117.7           78        149.6
   100      21.0      116.2           77        149.8
   110      20.7      114.8           75        149.8
   120      20.2      113.3           74        149.6
   130      19.8      111.8           72        149.3
   140      19.4      110.3           71        149.8
   150      18.9      108.8           69        149.3
   160      18.4      107.3           68        149.3
   170      18.5      105.8           66        149.6
   180      18.4      104.3           65        149.6
   190      18.0      102.8           63        149.6
   200      17.8      101.3           62        149.6
   210      17.1       99.8           60        149.8
   220      17.0       98.3           59        149.6
   230      16.7       96.8           57        149.8
   240      16.2       95.3           56        149.3
   250      15.9       93.8           54        149.8
   260      16.5       92.3           53        149.6
   270      16.1       90.8           51        149.6
   280      15.2       89.3           50        149.3
   290      14.7       87.8           48        149.6
   300      14.3       86.3           47        149.6
   310      14.0       84.8           45        149.6
   320      12.7       83.3           44        149.6
   330      12.2       81.8           42        149.6
   340      12.1       80.3           41        149.6
   350      11.1       78.8           39        149.6
   360      10.6       77.3           38        149.6
   370      10.1       75.8           36        149.6
   380       9.8       74.3           35        149.3
   390       9.1       72.8           33        149.6
   400       9.1       71.4           32        130.7
   410      12.7       70.2           31        100.0
   420      12.5       69.3           30         75.8
   430      10.6       68.6           29         57.7
   440       9.8       68.1           29         43.9
   450       9.0       67.7           28         33.5
   460       8.5       67.4           28         25.5
   470       8.0       67.1           28         19.1
   480       7.0       67.0           28         14.6
   490       7.0       66.8           27         11.1
   500       7.0       66.7           27          8.5
   510       6.4       66.6           27          6.6
   520       5.9       66.6           27          4.7
   530       5.4       66.5           27          3.7
   540       4.9       66.5           27          2.6
   550       4.4       66.5           27          2.1
   560      -4.9       66.5           27          2.1
   570      -6.0       66.5           27          1.0
   580      -2.3       66.5           27         -0.5
   590       0.0       66.5           27         -1.3
   600      -0.5       66.5           27         -4.2
   610      -1.3       66.6           27         -7.7
   620      -1.8       66.7           27        -11.4
   630      -2.1       66.8           27        -14.3
   640      -1.8       67.0           28        -22.0
   650      -1.8       67.2           28        -24.4
   660      -2.3       67.5           28        -31.6
   670      -2.9       67.8           28        -36.7
   680      -3.9       68.2           29        -34.6
   690      -4.9       68.6           29        -39.9
   700      -5.2       69.1           30        -51.3
   710      -5.4       69.7           30        -64.1
   720      -5.9       70.3           31        -66.0
   730      -6.0       71.1           32        -72.1
   740      -6.5       71.8           32        -80.6
   750      -6.8       72.7           33        -88.6
   760      -7.0       73.6           34        -96.3
   770      -6.9       74.7           35       -104.8
   780      -7.0       75.8           36       -112.8
   790      -6.0       77.0           38       -120.8
   800      -8.7       78.2           39       -129.6
   810      -9.1       79.6           40       -138.9
   820      -9.6       81.1           42       -148.0
   830     -10.1       82.6           43       -149.0
   840     -10.2       84.1           45       -149.0
   850     -10.6       85.5           46       -149.8
   860     -10.7       87.0           48       -149.3
   870     -11.0       88.5           49       -149.6
   880     -11.0       90.0           51       -149.3
   890     -10.8       91.5           52       -150.1
   900     -10.8       93.0           54       -149.8
   910     -10.6       94.5           55       -149.8
   920     -10.8       96.0           57       -149.8
   930     -11.0       97.5           58       -149.3
   940     -10.2       99.0           60       -150.1
   950     -10.4      100.5           61       -149.6
   960     -10.1      102.0           63       -149.8
   970     -10.0      103.5           64       -149.6
   980     -10.1      105.0           66       -149.8
   990      -9.7      106.5           67       -149.6
  1000      -9.7      108.0           69       -149.8
  1010      -9.4      109.5           70       -149.8
  1020      -9.1      111.0           72       -149.6
  1030      -9.1      112.5           73       -150.1
  1040      -8.9      114.0           75       -149.8
  1050      -8.5      115.5           76       -149.8
  1060      -7.8      117.0           78       -149.8
  1070      -7.6      118.5           79       -149.6
  1080      -6.6      120.0           81       -149.6
  1090      -6.2      121.5           82       -149.6
  1100      -5.2      123.0           84       -149.8
  1110      -4.6      124.5           85       -149.3
  1120      -3.9      126.0           87       -149.8
  1130      -3.3      127.5           88       -149.3
  1140      -2.4      129.0           90       -149.8
  1150      -1.1      130.4           91       -149.6
  1160      -0.7      131.9           92       -149.6
  1170      -3.2      133.3           94       -140.8
  1180      -0.6      134.3           95       -106.2
  1190      -0.8      135.1           96        -80.9
  1200      -1.2      135.7           96        -61.4
  1210      -0.1      136.2           97        -47.1
  1220       0.0      136.5           97        -35.6
  1230       0.0      136.8           97        -27.1
  1240       0.0      137.0           98        -20.2
  1250       0.0      137.1           98        -15.4
  1260       0.0      137.2           98        -11.4
  1270       0.0      137.3           98         -7.9
  1280       0.0      137.4           98         -5.5
  1290       0.0      137.4           98         -4.5
  1300       0.2      137.5           98         -2.9
  1310       0.2      137.5           98         -1.3
  1320       2.1      137.5           98          0.2
  1330       4.4      137.5           98          1.0
  1340       4.9      137.5           98          1.8
  1350       7.4      137.4           98          4.7
  1360       8.0      137.3           98          8.5
  1370       9.1      137.2           98         13.8
  1380      11.1      137.1           98         17.5
  1390      12.2      136.8           97         29.5
  1400      13.8      136.5           97         34.3
  1410      14.6      136.1           97         43.9
  1420      15.3      135.5           96         52.9
  1430      18.3      134.9           95         58.0
  1440      19.2      134.2           95         68.4
  1450      19.6      133.3           94         88.9
  1460      18.9      132.3           93        102.4
  1470      18.6      131.2           92        126.7
  1480      17.8      130.0           91        127.5
  1490      18.5      128.6           89        139.7
  1500      19.4      127.1           88        148.0
  1510      19.7      125.6           86        149.0
  1520      20.2      124.1           85        149.0
  1530      19.7      122.7           83        149.3
  1540      19.4      121.2           82        149.3
  1550      19.1      119.7           80        149.3
  1560      18.4      118.2           79        149.6
  1570      18.5      116.7           77        149.3
  1580      18.1      115.2           76        149.8
  1590      17.6      113.7           74        149.8
  1600      17.7      112.2           73        149.8
  1610      17.5      110.7           71        149.8
  1620      17.5      109.2           70        149.6
  1630      17.6      107.7           68        149.6
  1640      17.6      106.2           67        149.8
  1650      16.9      104.7           65        149.8
  1660      16.0      103.2           64        149.8
  1670      14.9      101.7           62        149.6
  1680      16.3      100.2           61        149.8
  1690      16.1       98.7           59        149.6
  1700      14.0       97.2           58        149.8
  1710      14.1       95.7           56        149.6
  1720      14.1       94.2           55        149.6
  1730      13.6       92.7           53        149.6
  1740      13.9       91.2           52        149.8
  1750      13.1       89.7           50        149.8
  1760      13.1       88.2           49        149.8
  1770      12.7       86.7           47        149.8
  1780      11.8       85.2           46        149.6
  1790      11.2       83.7           44        149.8
  1800      10.6       82.2           43        149.8
  1810      10.1       80.7           41        149.6
  1820       9.8       79.2           40        149.6
  1830       9.1       77.8           38        149.8
  1840       8.5       76.3           37        149.6
  1850       7.8       74.8           35        149.8
  1860       7.0       73.3           34        149.6
  1870       6.4       71.8           32        149.3
  1880      11.2       70.5           31        131.7
  1890      11.7       69.5           30        100.3
  1900       8.0       68.8           29         76.1
  1910       6.0       68.2           29         58.0
  1920       6.4       67.8           28         44.1
  1930       6.9       67.5           28         33.8
  1940       5.3       67.2           28         25.5
  1950       4.9       67.0           28         19.1
  1960       4.4       66.9           27         14.6
  1970      -5.4       66.8           27         10.9
  1980      -7.0       66.7           27          7.9
  1990      -6.4       66.6           27          5.8
  2000      -6.7       66.6           27          3.1
  2010      -3.3       66.6           27          0.7
  2020      -4.6       66.6           27          0.0
  2030      -1.9       66.6           27         -4.2
  2040      -3.1       66.7           27         -7.7
  2050      -4.1       66.8           27        -13.5
  2060      -4.4       67.0           28        -17.5
  2070      -4.8       67.2           28        -26.3
  2080      -5.4       67.5           28        -33.0
  2090      -5.9       67.9           28        -40.7
  2100      -6.2       68.4           29        -52.1
  2110      -6.5       68.9           29        -60.6
  2120      -6.3       69.5           30        -69.4
  2130      -8.0       70.2           31        -78.2
  2140      -8.3       71.0           32        -81.1
  2150      -8.5       71.9           32        -90.2
  2160      -8.8       72.9           33        -99.5
  2170      -8.6       73.9           34       -108.8
  2180      -9.1       75.1           36       -119.0
  2190      -9.1       76.4           37       -128.3
  2200      -9.1       77.7           38       -138.4
  2210      -9.6       79.2           40       -147.2
  2220     -10.2       80.7           41       -149.0
  2230     -10.6       82.1           43       -148.5
  2240     -10.8       83.6           44       -149.3
  2250     -11.2       85.1           46       -149.3
  2260     -11.3       86.6           47       -149.6
  2270     -11.3       88.1           49       -149.3
  2280     -11.3       89.6           50       -149.3
  2290     -11.3       91.1           52       -149.6
  2300     -11.0       92.6           53       -149.3
  2310     -11.4       94.1           55       -149.6
  2320     -11.4       95.6           56       -149.3
  2330     -11.7       97.1           58       -149.6
  2340     -11.5       98.6           59       -149.6
  2350     -11.5      100.1           61       -149.3
  2360     -11.0      101.6           62       -149.6
  2370     -11.1      103.1           64       -149.6
  2380     -11.2      104.6           65       -149.8
  2390     -11.1      106.1           67       -149.3
  2400     -10.8      107.6           68       -149.6
  2410     -10.8      109.1           70       -149.6
  2420     -10.4      110.6           71       -149.6
  2430     -10.4      112.1           73       -149.6
  2440      -9.9      113.6           74       -149.3
  2450      -9.7      115.1           76       -149.8
  2460      -9.0      116.6           77       -149.3
  2470      -8.6      118.1           79       -149.3
  2480      -7.9      119.6           80       -149.3
  2490      -7.7      121.1           82       -149.3
  2500      -6.8      122.6           83       -149.6
  2510      -6.3      124.0           85       -149.3
  2520      -5.3      125.5           86       -149.3
  2530      -4.3      127.0           88       -149.0
  2540      -3.4      128.5           89       -149.6
  2550      -2.5      130.0           91       -149.0
  2560      -1.8      131.5           92       -149.6
  2570      -3.2      133.0           94       -152.0
  2580      -0.6      134.1           95       -114.2
  2590      -1.2      134.9           95        -86.5
  2600      -0.4      135.5           96        -65.7
  2610      -0.2      136.0           97        -50.3
  2620       0.0      136.4           97        -38.3
  2630       0.0      136.7           97        -29.0
  2640       0.0      136.9           97        -21.8
  2650       0.0      137.1           98        -16.5
  2660       0.2      137.2           98        -12.5
  2670       1.3      137.3           98         -9.3
  2680       1.3      137.3           98         -5.8
  2690       2.9      137.4           98         -2.6
  2700       6.2      137.4           98          0.5
  2710       8.0      137.3           98          3.7
  2720      10.6      137.3           98          8.2
  2730      12.2      137.1           98         15.1
  2740      14.0      136.9           97         25.2
  2750      14.8      136.6           97         31.9
  2760      16.5      136.2           97         37.8
  2770      19.6      135.7           96         48.4
  2780      21.1      135.1           96         66.5
  2790      21.3      134.3           95         74.0
  2800      21.7      133.4           94         87.3
  2810      20.8      132.3           93        109.9
  2820      20.6      131.0           92        126.1
  2830      20.3      129.7           90        140.2
  2840      21.0      128.2           89        148.5
  2850      21.2      126.7           87        149.0
  2860      21.2      125.2           86        149.0
  2870      19.8      123.7           84        149.3
  2880      19.0      122.2           83        149.6
  2890      18.3      120.7           81        149.6
  2900      17.9      119.2           80        149.6
  2910      18.0      117.7           78        149.6
  2920      17.9      116.2           77        149.3
  2930      17.5      114.8           75        149.6
  2940      17.3      113.3           74        149.6
  2950      16.6      111.8           72        149.8
  2960      16.7      110.3           71        149.8
  2970      16.8      108.8           69        149.6
  2980      16.8      107.3           68        149.8
  2990      16.8      105.8           66        149.8
  3000      16.4      104.3           65        150.1
  3010      16.5      102.8           63        149.8
  3020      16.5      101.3           62        149.6
  3030      15.0       99.8           60        149.8
  3040      16.0       98.3           59        149.8
  3050      15.1       96.8           57        149.8
  3060      14.1       95.3           56        149.8
  3070      13.5       93.8           54        149.8
  3080      13.6       92.3           53        149.8
  3090      12.1       90.8           51        149.8
  3100      12.0       89.3           50        149.6
  3110      11.0       87.8           48        149.8
  3120      10.1       86.3           47        149.8
  3130       9.8       84.8           45        149.6
  3140       8.6       83.3           44        149.6
  3150       7.6       81.8           42        149.6
  3160       6.9       80.3           41        149.6
  3170       5.9       78.8           39        149.8
  3180       5.9       77.3           38        149.6
  3190       5.6       75.8           36        149.8
  3200       3.9       74.3           35        149.6
  3210      -5.4       72.8           33        149.0
  3220      -4.9       71.5           32        126.4
  3230       6.0       70.3           31         98.7
  3240       5.9       69.4           30         75.6
  3250       5.3       68.7           29         58.0
  3260      -6.0       68.1           29         44.7
  3270      -7.2       67.7           28         33.8
  3280      -8.1       67.4           28         25.5
  3290      -8.5       67.2           28         19.4
  3300      -8.5       67.0           28         14.9
  3310      -8.1       66.9           27         11.4
  3320      -9.1       66.8           27          8.2
  3330      -9.1       66.7           27          4.5
  3340      -5.4       66.7           27          0.7
  3350      -6.0       66.7           27         -0.7
  3360      -2.4       66.8           27         -5.8
  3370      -3.3       66.8           27        -10.1
  3380      -4.1       67.0           28        -15.4
  3390      -4.9       67.2           28        -21.8
  3400      -5.5       67.5           28        -31.4
  3410      -6.0       67.8           28        -35.6
  3420      -6.5       68.2           29        -43.9
  3430      -6.5       68.7           29        -46.8
  3440      -6.8       69.3           30        -54.0
  3450      -6.5       70.0           31        -67.0
  3460      -9.6       70.7           31        -76.9
  3470      -9.6       71.6           32        -87.3
  3480     -10.1       72.5           33        -97.9
  3490      -9.6       73.6           34       -108.3
  3500      -9.3       74.7           35       -119.2
  3510      -9.6       76.0           37       -129.1
  3520      -9.2       77.4           38       -139.7
  3530     -10.1       78.8           39       -148.2
  3540     -10.7       80.3           41       -149.0
  3550     -11.2       81.8           42       -149.3
  3560     -11.2       83.3           44       -149.6
  3570     -11.3       84.8           45       -149.3
  3580     -11.2       86.3           47       -149.8
  3590     -11.3       87.8           48       -149.6
  3600     -10.8       89.3           50       -149.8
  3610     -10.8       90.8           51       -149.8
  3620     -10.8       92.3           53       -149.6
  3630     -10.9       93.8           54       -149.8
  3640     -10.8       95.3           56       -149.6
  3650     -10.9       96.8           57       -149.6
  3660     -10.5       98.3           59       -149.8
  3670     -10.5       99.8           60       -149.6
  3680     -10.1      101.3           62       -149.8
  3690     -10.3      102.8           63       -149.6
  3700     -10.1      104.3           65       -149.8
  3710     -10.1      105.8           66       -149.6
  3720      -9.7      107.3           68       -149.8
  3730      -9.3      108.8           69       -149.6
  3740      -9.1      110.3           71       -149.8
  3750      -8.5      111.8           72       -149.8
  3760      -8.3      113.2           74       -149.6
  3770      -7.9      114.7           75       -149.8
  3780      -7.8      116.2           77       -149.6
  3790      -7.5      117.7           78       -149.8
  3800      -6.8      119.2           80       -149.6
  3810      -5.7      120.7           81       -149.8
  3820      -5.2      122.2           83       -149.6
  3830      -4.5      123.7           84       -149.6
  3840      -3.3      125.2           86       -149.6
  3850      -2.8      126.7           87       -149.3
  3860      -1.8      128.2           89       -149.8
  3870      -0.1      129.7           90       -149.3
  3880      -0.1      131.2           92       -149.6
  3890       0.0      132.6           93       -130.1
  3900      -0.4      133.8           94        -99.5
  3910      -0.4      134.7           95        -75.6
  3920      -0.2      135.4           96        -57.5
  3930       0.0      135.9           96        -43.9
  3940       0.0      136.3           97        -33.8
  3950       0.0      136.6           97        -25.5
  3960       0.0      136.9           97        -18.9
  3970       0.0      137.0           98        -14.9
  3980       0.0      137.2           98        -10.9
  3990       0.2      137.3           98        -10.1
  4000       0.0      137.4           98         -7.9
  4010       0.2      137.4           98         -5.3
  4020       0.3      137.4           98         -3.4
  4030       0.8      137.5           98         -1.5
  4040       3.1      137.5           98          0.2
  4050       4.1      137.5           98          0.7
  4060       8.0      137.4           98          5.0
  4070      10.6      137.3           98         10.6
  4080      13.2      137.2           98         17.0
  4090      14.7      137.0           98         26.0
  4100      15.3      136.6           97         32.2
  4110      16.4      136.2           97         50.8
  4120      16.5      135.6           96         57.2
  4130      19.1      135.0           96         61.7
  4140      19.2      134.2           95         79.8
  4150      19.2      133.3           94         84.3
  4160      19.2      132.2           93        107.2
  4170      19.4      131.1           92        122.1
  4180      19.4      129.7           90        134.1
  4190      19.0      128.3           89        146.4
  4200      20.5      126.8           87        148.5
  4210      21.2      125.3           86        148.8
  4220      21.4      123.8           84        149.0
  4230      21.3      122.3           83        149.0
  4240      21.4      120.9           81        149.6
  4250      21.0      119.4           80        149.3
  4260      21.0      117.9           78        149.3
  4270      21.0      116.4           77        149.3
  4280      21.1      114.9           75        149.6
  4290      20.7      113.4           74        149.6
  4300      20.3      111.9           72        149.6
  4310      19.8      110.4           71        149.6
  4320      19.4      108.9           69        149.3
  4330      18.9      107.4           68        149.6
  4340      18.0      105.9           66        149.6
  4350      17.9      104.4           65        149.6
  4360      17.7      102.9           63        149.6
  4370      16.9      101.4           62        149.6
  4380      16.6       99.9           60        149.6
  4390      16.1       98.4           59        149.6
  4400      15.7       96.9           57        149.6
  4410      14.6       95.4           56        149.3
  4420      14.1       93.9           54        149.6
  4430      13.9       92.4           53        149.6
  4440      13.1       90.9           51        149.3
  4450      11.6       89.4           50        149.6
  4460      12.0       87.9           48        149.3
  4470      11.2       86.4           47        149.6
  4480      10.1       84.9           45        149.3
  4490       8.6       83.4           44        149.6
  4500       8.2       81.9           42        149.3
  4510       7.7       80.4           41        149.6
  4520       6.9       78.9           39        149.3
  4530       6.4       77.4           38        149.6
  4540       5.6       75.9           36        149.6
  4550       5.4       74.5           35        149.6
  4560       4.2       73.0           34        149.3
  4570      -4.9       71.5           32        160.5
  4580       6.0       70.3           31        124.0
  4590       6.0       69.4           30         94.5
  4600       5.9       68.7           29         72.1
  4610       4.9       68.1           29         54.8
  4620       4.3       67.7           28         41.7
  4630      -6.2       67.4           28         31.4
  4640      -6.4       67.2           28         23.6
  4650      -6.4       67.0           28         17.8
  4660      -6.5       66.9           27         13.8
  4670      -6.8       66.8           27         10.3
  4680      -7.1       66.7           27          7.7
  4690      -7.5       66.7           27          4.7
  4700      -7.5       66.6           27          1.5
  4710      -3.8       66.6           27         -0.2
  4720       0.0       66.6           27         -2.3
  4730      -0.3       66.7           27         -5.0
  4740      -0.7       66.8           27         -8.2
  4750      -1.3       66.9           27        -11.7
  4760      -1.4       67.0           28        -15.7
  4770      -1.8       67.2           28        -19.7
  4780      -2.3       67.4           28        -24.2
  4790      -2.3       67.7           28        -29.0
  4800      -2.3       68.0           29        -37.0
  4810      -2.6       68.4           29        -34.8
  4820      -3.1       68.8           29        -43.6
  4830      -3.9       69.3           30        -54.0
  4840      -4.5       69.9           30        -55.9
  4850      -5.0       70.4           31        -61.2
  4860      -5.5       71.1           32        -67.0
  4870      -5.4       71.8           32        -75.6
  4880      -6.5       72.7           33        -83.0
  4890      -6.8       73.5           34        -90.5
  4900      -7.0       74.5           35        -99.0
  4910      -7.0       75.6           36       -107.5
  4920      -7.5       76.7           37       -115.2
  4930      -7.7       77.9           38       -124.5
  4940      -8.0       79.2           40       -132.8
  4950      -8.0       80.6           41       -142.1
  4960      -8.5       82.1           43       -148.0
  4970      -9.1       83.6           44       -149.0
  4980      -9.6       85.1           46       -149.0
  4990      -9.9       86.6           47       -149.3
  5000     -10.0       88.1           49       -149.6
  5010     -10.2       89.6           50       -149.6
  5020      -9.8       91.1           52       -149.8
  5030      -9.7       92.6           53       -149.3
  5040      -9.8       94.1           55       -149.8
  5050      -9.8       95.6           56       -149.6
  5060      -9.9       97.1           58       -149.8
  5070      -9.6       98.6           59       -149.6
  5080      -9.9      100.0           61       -149.6
  5090      -9.3      101.5           62       -149.8
  5100      -9.5      103.0           64       -149.6
  5110      -9.6      104.5           65       -150.1
  5120      -9.6      106.0           67       -149.6
  5130      -9.7      107.5           68       -149.8
  5140      -9.7      109.0           70       -149.8
  5150      -9.8      110.5           71       -149.8
  5160      -9.6      112.0           73       -149.8
  5170      -9.5      113.5           74       -149.3
  5180      -9.2      115.0           76       -150.1
  5190      -9.3      116.5           77       -149.8
  5200      -9.0      118.0           79       -150.1
  5210      -8.7      119.5           80       -149.6
  5220      -8.7      121.0           82       -149.8
  5230      -8.1      122.5           83       -149.6
  5240      -7.8      124.0           85       -149.8
  5250      -6.9      125.5           86       -149.8
  5260      -5.9      127.0           88       -149.6
  5270      -4.7      128.5           89       -149.8
  5280      -4.0      130.0           91       -149.6
  5290      -2.6      131.5           92       -149.6
  5300      -2.8      132.9           93       -153.3
  5310      -1.6      134.0           95       -115.8
  5320      -3.3      134.9           95        -88.1
  5330      -1.7      135.5           96        -67.0
  5340      -0.2      136.0           97        -51.3
  5350       0.0      136.4           97        -38.8
  5360       0.0      136.7           97        -29.8
  5370       0.0      136.9           97        -22.3
  5380       0.0      137.1           98        -16.7
  5390       0.8      137.2           98        -12.2
  5400       0.8      137.3           98         -8.5
  5410       1.2      137.4           98         -6.9
  5420       1.3      137.4           98         -3.7
  5430       4.0      137.4           98         -0.7
  5440       4.6      137.4           98          0.7
  5450       8.5      137.4           98          3.4
  5460      10.1      137.3           98         10.1
  5470      14.8      137.2           98         16.7
  5480      16.4      136.9           97         23.6
  5490      16.4      136.6           97         37.2
  5500      17.0      136.1           97         44.1
  5510      18.2      135.6           96         54.5
  5520      18.4      134.9           95         65.7
  5530      20.2      134.0           95         76.9
  5540      20.8      133.0           94         98.7
  5550      21.3      131.9           92        124.5
  5560      21.4      130.7           91        127.5
  5570      20.7      129.3           90        142.4
  5580      21.2      127.8           88        149.0
  5590      22.1      126.3           87        149.3
  5600      22.2      124.9           85        149.6
  5610      21.9      123.4           84        149.6
  5620      21.4      121.9           82        149.6
  5630      20.4      120.4           81        149.6
  5640      19.9      118.9           79        149.6
  5650      19.6      117.4           78        149.8
  5660      19.5      115.9           76        149.6
  5670      18.6      114.4           75        149.6
  5680      17.7      112.9           73        149.6
  5690      17.7      111.4           72        149.6
  5700      17.4      109.9           70        149.8
  5710      16.8      108.4           69        149.8
  5720      16.3      106.9           67        149.6
  5730      15.8      105.4           66        149.6
  5740      14.8      103.9           64        149.6
  5750      14.9      102.4           63        150.1
  5760      14.4      100.9           61        149.6
  5770      14.0       99.4           60        149.8
  5780      13.4       97.9           58        149.6
  5790      12.5       96.4           57        149.6
  5800      11.0       94.9           55        149.6
  5810      11.0       93.4           54        149.8
  5820      11.0       91.9           52        149.6
  5830      10.5       90.4           51        149.8
  5840       8.9       88.9           49        149.8
  5850       8.6       87.4           48        149.8
  5860       8.6       86.0           47        149.6
  5870       7.8       84.5           45        149.8
  5880       6.5       83.0           44        149.8
  5890       6.0       81.5           42        149.8
  5900       5.9       80.0           41        149.8
  5910       5.6       78.5           39        149.8
  5920       5.4       77.0           38        149.8
  5930      -4.2       75.5           36        149.6
  5940      -5.4       74.0           35        148.5
  5950       4.4       72.5           33        144.8
  5960       5.9       71.2           32        118.4
  5970       6.0       70.1           31         91.5
  5980       7.0       69.3           30         70.5
  5990       7.0       68.6           29         54.8
  6000       5.3       68.1           29         42.3
  6010       5.3       67.7           28         33.0
  6020       4.8       67.4           28         25.2
  6030      -5.4       67.2           28         19.1
  6040      -6.0       67.0           28         14.6
  6050      -5.4       66.9           27         11.1
  6060      -5.4       66.8           27          8.7
  6070      -6.0       66.7           27          6.6
  6080      -6.2       66.6           27          5.8
  6090      -7.0       66.6           27          3.1
  6100      -6.7       66.6           27          1.5
  6110      -3.6       66.6           27         -0.2
  6120      -0.3       66.6           27         -1.0
  6130      -0.8       66.6           27         -5.0
  6140      -1.3       66.7           27         -7.9
  6150      -1.8       66.8           27        -12.2
  6160      -1.9       67.0           28        -16.5
  6170      -2.3       67.2           28        -22.8
  6180      -2.3       67.4           28        -25.8
  6190      -2.3       67.7           28        -30.8
  6200      -2.8       68.0           29        -35.4
  6210      -2.9       68.4           29        -36.4
  6220      -3.9       68.9           29        -41.2
  6230      -4.9       69.4           30        -51.9
  6240      -5.4       70.0           31        -58.5
  6250      -5.5       70.6           31        -71.6
  6260      -5.7       71.3           32        -73.2
  6270      -6.0       72.1           33        -80.3
  6280      -6.5       72.9           33        -87.8
  6290      -6.5       73.9           34        -95.3
  6300      -6.5       74.9           35       -103.8
  6310      -7.5       76.0           37       -111.8
  6320      -7.5       77.2           38       -120.3
  6330      -7.6       78.4           39       -129.3
  6340      -7.6       79.8           40       -137.6
  6350      -7.5       81.2           42       -146.1
  6360      -8.0       82.7           43       -148.8
  6370      -8.3       84.2           45       -148.5
  6380      -8.6       85.7           46       -149.3
  6390      -8.8       87.2           48       -149.0
  6400      -9.2       88.7           49       -149.6
  6410      -9.2       90.2           51       -149.3
  6420      -9.2       91.7           52       -149.3
  6430      -8.9       93.2           54       -149.3
  6440      -9.3       94.7           55       -149.3
  6450      -9.1       96.2           57       -149.8
  6460      -9.9       97.7           58       -149.3
  6470      -9.9       99.2           60       -149.6
  6480     -10.0      100.7           61       -149.6
  6490     -10.0      102.2           63       -149.6
  6500      -9.7      103.7           64       -149.6
  6510     -10.1      105.2           66       -149.6
  6520      -9.7      106.7           67       -149.6
  6530      -9.7      108.2           69       -149.3
  6540      -9.3      109.7           70       -149.8
  6550      -9.3      111.2           72       -149.3
  6560      -9.2      112.7           73       -149.6
  6570      -9.2      114.1           75       -149.3
  6580      -8.9      115.6           76       -149.8
  6590      -8.6      117.1           78       -149.6
  6600      -7.9      118.6           79       -149.6
  6610      -7.6      120.1           81       -149.3
  6620      -6.7      121.6           82       -149.3
  6630      -5.9      123.1           84       -149.8
  6640      -5.0      124.6           85       -149.3
  6650      -4.3      126.1           87       -149.6
  6660      -3.3      127.6           88       -149.3
  6670      -2.1      129.1           90       -149.0
  6680      -0.3      130.6           91       -149.3
  6690       0.0      132.1           93       -149.0
  6700      -0.7      133.4           94       -110.4
  6710       0.0      134.4           95        -83.8
  6720       0.0      135.1           96        -63.6
  6730       0.0      135.7           96        -48.7
  6740       1.2      136.2           97        -37.0
  6750       3.8      136.5           97        -27.9
  6760      13.8      136.7           97        -19.7
  6770      14.7      136.9           97        -10.3
  6780      18.3      136.9           97          1.0
  6790      17.4      136.8           97         10.9
  6800      18.5      136.6           97         19.7
  6810      20.6      136.3           97         38.3
  6820      20.0      135.9           96         44.4
  6830      19.0      135.3           96         56.4
  6840      20.2      134.6           95         68.1
  6850      21.2      133.7           94         89.1
  6860      21.3      132.7           93        103.2
  6870      21.8      131.5           92        119.2
  6880      21.4      130.2           91        134.4
  6890      20.5      128.7           89        147.4
  6900      21.1      127.3           88        148.8
  6910      21.3      125.8           86        149.3
  6920      21.1      124.3           85        149.0
  6930      20.3      122.8           83        149.3
  6940      19.8      121.3           82        149.6
  6950      19.3      119.8           80        149.6
  6960      18.4      118.3           79        149.3
  6970      17.9      116.8           77        149.3
  6980      17.5      115.3           76        149.6
  6990      17.4      113.8           74        149.6
  7000      17.3      112.3           73        149.6
  7010      16.7      110.8           71        149.6
  7020      16.6      109.3           70        149.6
  7030      16.3      107.8           68        149.6
  7040      15.9      106.3           67        149.6
  7050      14.8      104.8           65        149.6
  7060      14.8      103.3           64        149.6
  7070      14.4      101.8           62        149.8
  7080      14.0      100.3           61        149.6
  7090      14.0       98.8           59        149.6
  7100      13.7       97.3           58        149.8
  7110      13.1       95.8           56        149.6
  7120      12.5       94.3           55        149.6
  7130      11.7       92.8           53        149.6
  7140      11.1       91.3           52        149.6
  7150      11.1       89.8           50        149.8
  7160      11.0       88.4           49        149.8
  7170       9.8       86.9           47        149.6
  7180       9.5       85.4           46        149.6
  7190       9.0       83.9           44        149.8
  7200       8.0       82.4           43        149.6
  7210       6.9       80.9           41        149.6
  7220       6.0       79.4           40        149.8
  7230       5.9       77.9           38        149.8
  7240       5.6       76.4           37        149.6
  7250       4.4       74.9           35        150.1
  7260      -5.4       73.4           34        149.3
  7270      -5.4       71.9           32        147.2
  7280       5.9       70.6           31        133.6
  7290       5.9       69.6           30        101.6
  7300       5.6       68.9           29         77.7
  7310       4.9       68.3           29         59.6
  7320      -6.2       67.9           28         44.7
  7330      -7.0       67.5           28         28.2
  7340      -6.5       67.3           28         21.5
  7350      -6.6       67.1           28         16.2
  7360      -7.1       66.9           27         12.5
  7370      -7.6       66.8           27          9.3
  7380      -8.0       66.8           27          6.3
  7390      -8.3       66.7           27          3.4
  7400      -4.7       66.7           27          0.0
  7410      -1.3       66.7           27         -1.0
  7420      -1.4       66.7           27         -5.3
  7430      -1.8       66.8           27         -9.0
  7440      -2.3       66.9           27        -13.3
  7450      -2.8       67.1           28        -20.2
  7460      -3.2       67.3           28        -23.6
  7470      -3.6       67.6           28        -29.0
  7480      -3.6       68.0           29        -35.1
  7490      -3.9       68.4           29        -41.2
  7500      -4.3       68.8           29        -52.1
  7510      -5.0       69.3           30        -59.3
  7520      -5.7       69.9           30        -66.5
  7530      -6.8       70.6           31        -74.0
  7540      -7.0       71.3           32        -75.3
  7550      -7.5       72.1           33        -84.1
  7560      -8.0       73.0           34        -92.9
  7570      -8.6       74.0           35       -101.9
  7580      -9.1       75.1           36       -112.0
  7590      -9.6       76.3           37       -121.6
  7600     -10.2       77.6           38       -132.3
  7610     -10.7       79.0           40       -142.9
  7620     -11.9       80.5           41       -149.3
  7630     -12.4       82.0           43       -149.0
  7640     -12.7       83.5           44       -149.6
  7650     -13.0       85.0           46       -149.6
  7660     -12.9       86.5           47       -149.8
  7670     -12.6       88.0           49       -149.6
  7680     -12.5       89.5           50       -149.6
  7690     -12.3       91.0           52       -149.8
  7700     -12.0       92.5           53       -149.6
  7710     -12.4       94.0           55       -150.1
  7720     -12.5       95.5           56       -149.6
  7730     -12.5       97.0           58       -149.8
  7740     -12.0       98.5           59       -149.8
  7750     -11.7      100.0           61       -149.6
  7760     -11.6      101.5           62       -150.1
  7770     -11.7      103.0           64       -149.6
  7780     -11.4      104.5           65       -149.8
  7790     -11.4      106.0           67       -149.6
  7800     -11.2      107.4           68       -149.8
  7810     -10.8      108.9           69       -149.6
  7820     -10.4      110.4           71       -149.8
  7830     -10.4      111.9           72       -149.8
  7840      -9.9      113.4           74       -149.6
  7850      -9.6      114.9           75       -149.8
  7860      -9.2      116.4           77       -149.3
  7870      -8.5      117.9           78       -149.6
  7880      -7.9      119.4           80       -149.3
  7890      -7.7      120.9           81       -149.8
  7900      -6.7      122.4           83       -149.6
  7910      -6.3      123.9           84       -149.6
  7920      -5.3      125.4           86       -149.6
  7930      -4.3      126.9           87       -149.3
  7940      -3.0      128.4           89       -149.8
  7950      -2.2      129.9           90       -149.3
  7960      -0.7      131.4           92       -149.6
  7970      -1.0      132.8           93       -126.9
  7980      -1.1      133.9           94        -96.3
  7990      -2.1      134.8           95        -73.4
  8000      -0.9      135.5           96        -56.1
  8010      -0.4      136.0           97        -42.8
  8020       0.0      136.4           97        -32.7
  8030       0.0      136.7           97        -25.0
  8040       0.0      136.9           97        -22.8
  8050       0.2      137.1           98        -17.0
  8060       1.2      137.2           98        -12.7
  8070       8.0      137.3           98         -9.0
  8080       6.8      137.3           98         -2.3
  8090      13.2      137.3           98          2.9
  8100      13.2      137.2           98         10.6
  8110      12.2      137.1           98         17.0
  8120      13.2      136.8           97         30.0
  8130      14.8      136.5           97         36.4
  8140      16.0      136.0           97         46.8
  8150      16.5      135.5           96         51.3
  8160      17.5      134.8           95         68.9
  8170      18.6      134.0           95         88.6
  8180      20.6      133.1           94        102.4
  8190      20.8      132.1           93        109.4
  8200      19.4      130.9           91        122.1
  8210      19.0      129.6           90        135.7
  8220      18.6      128.1           89        147.2
  8230      19.4      126.7           87        148.5
  8240      19.7      125.2           86        149.0
  8250      19.8      123.7           84        149.3
  8260      19.1      122.2           83        149.3
  8270      18.3      120.7           81        149.3
  8280      17.3      119.2           80        149.0
  8290      16.4      117.7           78        149.3
  8300      16.3      116.2           77        149.3
  8310      16.0      114.7           75        149.3
  8320      15.8      113.2           74        149.3
  8330      15.5      111.7           72        149.3
  8340      14.6      110.2           71        149.6
  8350      14.7      108.7           69        149.3
  8360      14.7      107.2           68        149.6
  8370      14.3      105.7           66        149.6
  8380      13.8      104.2           65        149.6
  8390      13.6      102.7           63        149.6
  8400      12.8      101.2           62        149.6
  8410      11.9       99.7           60        149.6
  8420      12.9       98.2           59        149.3
  8430      12.5       96.7           57        149.6
  8440      10.4       95.2           56        149.6
  8450       9.9       93.8           54        149.3
  8460       9.7       92.3           53        149.6
  8470       8.5       90.8           51        149.3
  8480       8.5       89.3           50        149.3
  8490       7.9       87.8           48        149.6
  8500       7.0       86.3           47        149.6
  8510       6.5       84.8           45        149.6
  8520       5.9       83.3           44        149.3
  8530       5.6       81.8           42        149.6
  8540       5.6       80.3           41        149.6
  8550       3.9       78.8           39        149.8
  8560      -4.9       77.3           38        148.5
  8570      -4.3       75.8           36        146.4
  8580      -4.0       74.4           35        142.1
  8590      -4.9       73.0           34        141.6
  8600      -4.9       71.6           32        136.8
  8610       5.4       70.4           31        119.8
  8620       5.6       69.5           30         92.9
  8630       4.1       68.8           29         71.8
  8640      -4.9       68.3           29         55.3
  8650      -5.9       67.9           28         43.1
  8660      -6.2       67.6           28         33.2
  8670      -6.4       67.3           28         25.5
  8680      -6.7       67.1           28         19.7
  8690      -7.2       67.0           28         15.1
  8700      -7.5       66.9           27         11.7
  8710      -7.5       66.8           27          6.9
  8720      -7.5       66.7           27          4.2
  8730      -7.6       66.7           27          1.5
  8740      -4.0       66.7           27         -0.2
  8750      -0.4       66.7           27         -2.3
  8760      -0.8       66.8           27         -5.5
  8770      -1.3       66.9           27         -9.0
  8780      -1.8       67.0           28        -13.0
  8790      -2.3       67.1           28        -17.3
  8800      -2.6       67.3           28        -22.0
  8810      -3.3       67.6           28        -24.2
  8820      -3.9       67.9           28        -32.2
  8830      -4.1       68.3           29        -34.6
  8840      -4.9       68.7           29        -39.9
  8850      -5.4       69.2           30        -51.6
  8860      -6.0       69.8           30        -64.4
  8870      -6.1       70.4           31        -71.8
  8880      -7.0       71.1           32        -80.3
  8890      -7.5       71.9           32        -81.7
  8900      -8.0       72.8           33        -89.9
  8910      -8.0       73.8           34        -98.7
  8920      -8.3       74.8           35       -108.3
  8930      -8.4       76.0           37       -117.6
  8940      -8.6       77.2           38       -126.9
  8950      -8.7       78.6           39       -136.8
  8960      -8.7       80.0           41       -145.8
  8970      -9.2       81.5           42       -148.8
  8980      -9.6       83.0           44       -149.3
  8990      -9.7       84.5           45       -148.8
  9000      -9.9       86.0           47       -149.6
  9010      -9.8       87.5           48       -149.3
  9020      -9.5       89.0           50       -149.6
  9030      -8.5       90.5           51       -149.3
  9040      -8.3       92.0           53       -149.6
  9050      -7.9       93.5           54       -149.6
  9060      -7.9       95.0           56       -149.3
  9070      -7.9       96.5           57       -149.8
  9080      -8.3       98.0           59       -149.3
  9090      -7.9       99.5           60       -149.8
  9100      -8.0      100.9           61       -149.8
  9110      -8.1      102.4           63       -149.6
  9120      -8.0      103.9           64       -149.6
  9130      -8.0      105.4           66       -149.6
  9140      -7.6      106.9           67       -149.8
  9150      -7.5      108.4           69       -149.6
  9160      -7.5      109.9           70       -149.8
  9170      -7.3      111.4           72       -149.3
  9180      -7.3      112.9           73       -150.1
  9190      -6.8      114.4           75       -149.8
  9200      -6.8      115.9           76       -149.6
  9210      -6.5      117.4           78       -149.6
  9220      -6.5      118.9           79       -149.3
  9230      -5.7      120.4           81       -149.8
  9240      -5.3      121.9           82       -149.3
  9250      -4.8      123.4           84       -149.8
  9260      -4.0      124.9           85       -149.3
  9270      -3.8      126.4           87       -149.8
  9280      -2.4      127.9           88       -149.6
  9290      -1.4      129.4           90       -149.6
  9300      -0.2      130.9           91       -149.8
  9310       0.0      132.3           93       -133.6
  9320      -2.6      133.6           94       -105.9
  9330      -0.7      134.5           95        -80.3
  9340      -0.6      135.3           96        -61.4
  9350      -0.9      135.8           96        -46.8
  9360      -0.1      136.3           97        -35.6
  9370       0.0      136.6           97        -27.1
  9380       0.0      136.8           97        -20.4
  9390       0.0      137.0           98        -15.4
  9400       0.0      137.2           98        -11.4
  9410       0.3      137.3           98         -8.5
  9420       2.0      137.3           98         -6.3
  9430       2.5      137.4           98         -3.7
  9440       5.9      137.4           98          0.5
  9450      10.5      137.4           98          2.9
  9460      11.1      137.3           98          9.0
  9470      11.1      137.2           98         16.7
  9480      12.2      136.9           97         24.2
  9490      13.2      136.7           97         31.9
  9500      14.6      136.3           97         40.7
  9510      14.9      135.8           96         50.8
  9520      16.1      135.2           96         67.0
  9530      16.5      134.5           95         71.8
  9540      16.6      133.7           94         91.0
  9550      19.2      132.8           93        103.2
  9560      19.2      131.7           92        108.3
  9570      17.8      130.6           91        119.5
  9580      17.3      129.3           90        132.0
  9590      16.9      127.9           88        143.4
  9600      17.4      126.4           87        148.5
  9610      18.1      124.9           85        148.8
  9620      17.7      123.4           84        149.3
  9630      17.2      121.9           82        149.0
  9640      16.1      120.4           81        149.6
  9650      15.2      119.0           80        149.0
  9660      13.8      117.5           78        149.3
  9670      13.4      116.0           77        149.6
  9680      12.8      114.5           75        149.6
  9690      12.4      113.0           74        149.6
  9700      12.0      111.5           72        149.6
  9710      11.8      110.0           71        149.6
  9720      11.6      108.5           69        149.6
  9730      11.2      107.0           68        149.6
  9740      10.7      105.5           66        149.8
  9750      10.7      104.0           65        149.8
  9760      10.7      102.5           63        150.1
  9770      10.2      101.0           62        149.8
  9780      10.3       99.5           60        150.1
  9790       9.2       98.0           59        149.8
  9800       8.4       96.5           57        149.6
  9810       9.6       95.0           56        149.8
  9820       9.6       93.5           54        149.8
  9830       7.7       92.0           53        149.8
  9840       7.6       90.5           51        149.8
  9850       6.9       89.0           50        150.1
  9860       6.4       87.5           48        149.6
  9870       6.4       86.0           47        149.8
  9880       5.9       84.5           45        149.8
  9890       5.8       83.0           44        149.8
  9900       5.4       81.5           42        149.8
  9910       4.3       80.0           41        149.8
  9920      -4.9       78.5           39        149.3
  9930      -4.9       77.1           38        146.9
  9940      -4.9       75.6           36        142.9
  9950      -5.4       74.2           35        141.3
  9960      -5.9       72.8           33        139.5
  9970      -5.4       71.5           32        119.5
  9980       4.8       70.4           31         93.9
  9990       4.4       69.5           30         73.2
 10000      -5.4       68.9           29         56.9
 10010      -6.2       68.3           29         44.4
 10020      -6.4       67.9           28         34.6
 10030      -7.0       67.6           28         26.8
 10040      -7.9       67.4           28         20.7
 10050      -8.6       67.2           28         15.9
 10060      -9.1       67.0           28         12.2
 10070      -9.1       66.9           27          8.5
 10080      -9.1       66.8           27          5.5
 10090      -5.4       66.8           27          0.7
 10100      -1.8       66.8           27         -1.5
 10110      -2.3       66.9           27         -5.5
 10120      -2.3       67.0           28         -9.8
 10130      -2.8       67.1           28        -14.6
 10140      -3.3       67.3           28        -19.7
 10150      -4.0       67.5           28        -25.5
 10160      -4.5       67.8           28        -34.6
 10170      -5.4       68.2           29        -34.3
 10180      -6.5       68.6           29        -40.4
 10190      -6.8       69.1           30        -58.5
 10200      -7.0       69.7           30        -55.1
 10210      -7.6       70.4           31        -69.7
 10220      -8.0       71.1           32        -70.2
 10230      -8.0       72.0           33        -87.5
 10240      -8.0       73.0           34        -96.6
 10250      -8.2       74.0           35       -105.6
 10260      -8.5       75.1           36       -115.5
 10270      -8.7       76.4           37       -124.3
 10280      -8.9       77.7           38       -134.4
 10290      -9.1       79.1           40       -143.7
 10300      -9.6       80.6           41       -149.0
 10310     -10.1       82.1           43       -148.8
 10320     -10.6       83.6           44       -149.6
 10330     -10.6       85.1           46       -149.3
 10340     -10.7       86.6           47       -149.6
 10350     -10.3       88.1           49       -149.8
 10360     -10.7       89.5           50       -149.3
 10370     -10.3       91.0           52       -149.8
 10380     -10.3       92.5           53       -149.3
 10390     -10.3       94.0           55       -149.8
 10400     -10.4       95.5           56       -149.3
 10410     -10.4       97.0           58       -149.6
 10420     -10.0       98.5           59       -149.6
 10430      -9.9      100.0           61       -149.3
 10440      -9.5      101.5           62       -149.8
 10450      -9.5      103.0           64       -149.3
 10460      -9.6      104.5           65       -149.6
 10470      -9.2      106.0           67       -149.3
 10480      -9.0      107.5           68       -149.6
 10490      -8.6      109.0           70       -149.6
 10500      -8.4      110.5           71       -149.6
 10510      -8.3      112.0           73       -149.8
 10520      -7.8      113.5           74       -149.3
 10530      -7.7      115.0           76       -149.8
 10540      -7.5      116.5           77       -149.0
 10550      -7.0      118.0           79       -149.6
 10560      -6.5      119.5           80       -149.3
 10570      -6.2      121.0           82       -149.3
 10580      -5.4      122.5           83       -149.6
 10590      -4.9      124.0           85       -149.3
 10600      -4.3      125.5           86       -149.3
 10610      -3.8      127.0           88       -149.3
 10620      -3.2      128.5           89       -149.6
 10630      -2.5      130.0           91       -149.0
 10640      -1.0      131.5           92       -149.6
 10650      -1.1      132.8           93       -126.4
 10660      -1.1      134.0           95        -95.0
 10670      -1.9      134.8           95        -72.1
 10680      -0.9      135.5           96        -54.8
 10690      -0.7      136.0           97        -41.7
 10700      -0.3      136.4           97        -31.9
 10710       0.0      136.7           97        -24.2
 10720       0.0      136.9           97        -18.1
 10730       0.0      137.1           98        -13.5
 10740       0.0      137.2           98        -10.1
 10750       0.7      137.3           98         -7.7
 10760       6.5      137.3           98         -4.2
 10770       8.8      137.3           98          0.7
 10780       8.0      137.3           98          4.5
 10790       9.7      137.2           98         10.3
 10800      11.1      137.1           98         17.3
 10810      11.6      136.9           97         22.6
 10820      12.7      136.6           97         30.3
 10830      14.0      136.2           97         34.6
 10840      14.9      135.8           96         47.1
 10850      16.2      135.2           96         52.4
 10860      17.0      134.6           95         62.0
 10870      19.6      133.8           94         72.1
 10880      19.7      132.9           93         91.3
 10890      18.4      131.8           92        106.2
 10900      17.8      130.7           91        118.4
 10910      16.9      129.4           90        130.4
 10920      16.5      128.0           89        141.6
 10930      16.7      126.5           87        148.2
 10940      16.8      125.1           86        148.5
 10950      16.9      123.6           84        149.0
 10960      15.7      122.1           83        149.0
 10970      14.1      120.6           81        149.0
 10980      13.2      119.1           80        149.3
 10990      12.3      117.6           78        149.0
 11000      11.2      116.1           77        149.3
 11010      11.1      114.6           75        149.0
 11020      10.4      113.1           74        149.6
 11030      10.3      111.6           72        149.6
 11040       9.9      110.1           71        149.6
 11050       9.5      108.6           69        149.3
 11060       9.5      107.1           68        149.6
 11070       9.6      105.6           66        149.3
 11080       9.6      104.1           65        149.6
 11090       9.4      102.6           63        149.8
 11100       9.6      101.1           62        149.6
 11110       9.5       99.6           60        149.6
 11120       9.5       98.1           59        149.6
 11130       9.6       96.6           57        149.8
 11140       8.9       95.2           56        149.6
 11150       8.8       93.7           54        149.8
 11160       9.0       92.2           53        149.6
 11170       9.0       90.7           51        149.8
 11180       9.4       89.2           50        149.8
 11190       8.9       87.7           48        149.6
 11200       9.0       86.2           47        149.8
 11210       8.6       84.7           45        149.8
 11220       8.6       83.2           44        149.6
 11230       8.5       81.7           42        149.8
 11240       8.4       80.2           41        149.8
 11250       8.0       78.7           39        149.8
 11260       7.8       77.2           38        149.6
 11270       7.6       75.7           36        149.8
 11280       7.0       74.2           35        149.8
 11290       6.9       72.7           33        149.8
 11300       8.5       71.3           32        128.3
 11310      11.2       70.1           31         97.4
 11320      10.6       69.2           30         74.0
 11330       9.1       68.5           29         56.4
 11340       9.1       68.0           29         42.8
 11350       8.4       67.6           28         32.7
 11360       7.0       67.3           28         24.7
 11370       7.0       67.1           28         18.6
 11380       6.5       66.9           27         14.3
 11390       6.4       66.8           27         11.9
 11400       6.4       66.7           27         10.1
 11410       6.0       66.6           27          7.9
 11420       5.9       66.6           27          5.8
 11430       5.9       66.5           27          4.5
 11440       5.3       66.5           27          3.1
 11450       4.8       66.5           27          2.6
 11460       4.0       66.5           27          1.5
 11470      -4.9       66.4           27          1.3
 11480      -2.0       66.4           27          0.2
 11490      -2.1       66.4           27         -0.5
 11500       0.0       66.4           27         -1.8
 11510       0.0       66.5           27         -3.1
 11520       0.0       66.5           27         -6.1
 11530      -0.1       66.6           27         -8.7
 11540      -0.2       66.7           27        -11.9
 11550      -0.8       66.9           27        -15.1
 11560      -1.3       67.0           28        -18.6
 11570      -1.6       67.3           28        -20.4
 11580      -1.9       67.5           28        -26.6
 11590      -2.3       67.8           28        -34.0
 11600      -2.8       68.2           29        -35.9
 11610      -3.3       68.6           29        -45.5
 11620      -3.9       69.0           30        -42.0
 11630      -4.1       69.5           30        -52.7
 11640      -4.3       70.1           31        -52.9
 11650      -4.9       70.7           31        -64.6
 11660      -4.6       71.4           32        -71.3
 11670      -5.0       72.2           33        -78.8
 11680      -5.2       73.0           34        -85.1
 11690      -5.4       73.9           34        -92.1
 11700      -5.5       74.9           35        -99.5
 11710      -6.1       76.0           37       -106.7
 11720      -6.5       77.1           38       -114.2
 11730      -6.8       78.3           39       -122.1
 11740      -6.8       79.6           40       -129.9
 11750      -6.8       80.9           41       -138.7
 11760      -7.0       82.4           43       -146.1
 11770      -7.5       83.9           44       -148.8
 11780      -7.7       85.4           46       -149.3
 11790      -8.3       86.9           47       -149.3
 11800      -8.5       88.3           49       -149.6
 11810      -8.5       89.8           50       -149.3
 11820      -8.3       91.3           52       -149.8
 11830      -8.1       92.8           53       -149.8
 11840      -8.2       94.3           55       -149.6
 11850      -7.2       95.8           56       -149.8
 11860      -7.9       97.3           58       -149.6
 11870      -7.3       98.8           59       -149.8
 11880      -7.3      100.3           61       -149.6
 11890      -7.2      101.8           62       -150.1
 11900      -7.2      103.3           64       -149.6
 11910      -7.3      104.8           65       -150.1
 11920      -7.0      106.3           67       -149.6
 11930      -7.4      107.8           68       -149.8
 11940      -6.9      109.3           70       -150.1
 11950      -6.9      110.8           71       -149.6
 11960      -6.7      112.3           73       -149.8
 11970      -6.7      113.8           74       -149.6
 11980      -6.4      115.3           76       -149.8
 11990      -6.2      116.8           77       -149.6
 12000      -5.6      118.3           79       -149.8
 12010      -5.2      119.8           80       -149.6
 12020      -5.1      121.3           82       -149.8
 12030      -4.1      122.8           83       -149.8
 12040      -4.2      124.3           85       -149.6
 12050      -3.2      125.8           86       -150.1
 12060      -2.3      127.3           88       -149.6
 12070      -1.5      128.8           89       -149.6
 12080      -0.4      130.2           91       -149.6
 12090       0.0      131.7           92       -149.6
 12100      -1.6      133.1           94       -119.8
 12110      -0.5      134.2           95        -90.5
 12120      -1.9      135.0           96        -68.6
 12130      -1.2      135.6           96        -52.1
 12140      -0.1      136.1           97        -39.6
 12150       0.0      136.5           97        -30.0
 12160       0.0      136.7           97        -22.8
 12170       0.0      136.9           97        -20.7
 12180       0.0      137.1           98        -15.7
 12190       0.3      137.2           98        -11.7
 12200       1.2      137.3           98         -8.7
 12210       1.2      137.3           98         -5.0
 12220       1.3      137.4           98         -2.6
 12230       4.1      137.4           98          0.0
 12240       8.5      137.4           98          1.0
 12250       9.1      137.3           98          6.6
 12260      10.3      137.2           98         11.7
 12270      11.1      137.1           98         18.3
 12280      12.2      136.8           97         28.2
 12290      14.3      136.5           97         33.5
 12300      14.9      136.1           97         47.6
 12310      15.4      135.6           96         58.5
 12320      15.4      135.0           96         63.0
 12330      16.2      134.3           95         67.0
 12340      16.2      133.5           94         76.4
 12350      16.4      132.5           93         95.8
 12360      17.1      131.4           92        106.7
 12370      17.2      130.3           91        117.9
 12380      16.4      129.0           90        129.3
 12390      16.6      127.7           88        139.7
 12400      16.9      126.2           87        147.4
 12410      17.0      124.7           85        148.5
 12420      17.2      123.2           84        148.8
 12430      17.2      121.7           82        149.3
 12440      17.3      120.2           81        149.0
 12450      17.1      118.7           79        149.3
 12460      16.4      117.2           78        149.3
 12470      16.0      115.8           76        149.3
 12480      16.0      114.3           75        149.6
 12490      16.1      112.8           73        149.6
 12500      15.7      111.3           72        149.8
 12510      15.9      109.8           70        149.6
 12520      15.8      108.3           69        149.6
 12530      15.6      106.8           67        149.8
 12540      15.5      105.3           66        149.8
 12550      14.8      103.8           64        149.6
 12560      14.9      102.3           63        149.8
 12570      14.9      100.8           61        149.6
 12580      15.0       99.3           60        149.8
 12590      14.5       97.8           58        149.8
 12600      14.6       96.3           57        149.6
 12610      14.1       94.8           55        149.6
 12620      14.1       93.3           54        149.3
 12630      13.9       91.8           52        149.6
 12640      13.6       90.3           51        149.6
 12650      13.2       88.8           49        149.3
 12660      12.7       87.3           48        149.6
 12670      12.7       85.8           46        149.6
 12680      12.4       84.3           45        149.6
 12690      12.1       82.8           43        149.6
 12700      11.1       81.3           42        149.6
 12710      11.1       79.8           40        149.3
 12720      10.6       78.3           39        149.6
 12730      10.1       76.8           37        149.6
 12740       9.8       75.3           36        149.6
 12750       9.5       73.8           34        149.6
 12760       8.6       72.3           33        149.6
 12770      12.4       70.9           31        147.4
 12780      13.3       69.8           30        111.0
 12790      11.1       69.0           30         84.1
 12800       9.8       68.4           29         62.8
 12810       9.0       67.9           28         48.4
 12820       7.0       67.6           28         36.7
 12830       6.9       67.3           28         27.9
 12840       6.5       67.1           28         21.0
 12850       5.9       66.9           27         15.9
 12860       5.4       66.8           27         12.2
 12870       5.3       66.7           27          9.0
 12880       5.3       66.7           27          7.1
 12890       4.9       66.6           27          5.0
 12900       4.4       66.6           27          4.2
 12910       3.9       66.5           27          2.9
 12920      -4.3       66.5           27          2.1
 12930      -4.9       66.5           27          1.5
 12940      -1.5       66.5           27          0.5
 12950      -2.1       66.5           27         -0.2
 12960       0.0       66.5           27         -1.5
 12970       0.0       66.5           27         -2.9
 12980       0.0       66.6           27         -5.0
 12990       0.0       66.6           27         -7.1
 13000       0.0       66.7           27        -10.6
 13010      -0.1       66.9           27        -12.7
 13020      -0.3       67.0           28        -15.4
 13030      -0.7       67.2           28        -17.0
 13040      -1.3       67.4           28        -22.3
 13050      -1.3       67.6           28        -23.6
 13060      -1.8       67.9           28        -30.0
 13070      -2.3       68.3           29        -31.1
 13080      -2.3       68.7           29        -39.4
 13090      -2.8       69.1           30        -39.6
 13100      -2.8       69.6           30        -49.2
 13110      -3.1       70.1           31        -48.7
 13120      -3.6       70.7           31        -58.3
 13130      -3.9       71.3           32        -65.2
 13140      -4.1       72.0           33        -71.6
 13150      -4.4       72.8           33        -77.4
 13160      -4.5       73.6           34        -83.3
 13170      -4.9       74.5           35        -90.2
 13180      -5.2       75.4           36        -96.9
 13190      -5.5       76.5           37       -103.0
 13200      -5.7       77.5           38       -110.7
 13210      -6.2       78.7           39       -117.9
 13220      -6.5       79.9           40       -125.6
 13230      -6.5       81.3           42       -133.1
 13240      -6.5       82.6           43       -141.0
 13250      -7.0       84.1           45       -147.7
 13260      -7.7       85.6           46       -149.0
 13270      -8.0       87.1           48       -149.0
 13280      -8.5       88.6           49       -149.6
 13290      -8.8       90.1           51       -149.3
 13300      -9.2       91.6           52       -149.8
 13310      -9.3       93.1           54       -149.3
 13320      -9.8       94.6           55       -149.6
 13330      -9.4       96.1           57       -149.8
 13340      -9.4       97.6           58       -149.6
 13350      -9.0       99.1           60       -149.8
 13360      -9.0      100.6           61       -149.6
 13370      -8.8      102.1           63       -149.8
 13380      -8.7      103.5           64       -149.6
 13390      -8.8      105.0           66       -149.8
 13400      -8.8      106.5           67       -149.8
 13410      -8.8      108.0           69       -149.6
 13420      -8.4      109.5           70       -149.8
 13430      -8.3      111.0           72       -149.6
 13440      -7.8      112.5           73       -149.8
 13450      -7.7      114.0           75       -149.3
 13460      -7.4      115.5           76       -150.1
 13470      -6.9      117.0           78       -149.6
 13480      -6.5      118.5           79       -149.6
 13490      -5.3      120.0           81       -149.8
 13500      -5.1      121.5           82       -149.8
 13510      -4.6      123.0           84       -149.8
 13520      -4.3      124.5           85       -149.6
 13530      -3.8      126.0           87       -149.8
 13540      -2.8      127.5           88       -149.6
 13550      -2.2      129.0           90       -149.6
 13560      -1.0      130.5           91       -149.8
 13570      -0.5      132.0           93       -149.3
 13580      -2.2      133.3           94       -139.2
 13590      -0.3      134.3           95       -105.4
 13600      -0.7      135.1           96        -80.6
 13610      -1.2      135.7           96        -61.4
 13620      -0.1      136.2           97        -47.3
 13630       0.0      136.5           97        -35.9
 13640       0.0      136.8           97        -27.4
 13650       0.0      137.0           98        -20.4
 13660       0.0      137.1           98        -14.1
 13670       0.0      137.3           98         -9.5
 13680       1.3      137.3           98         -7.1
 13690       3.3      137.4           98         -4.2
 13700       7.3      137.4           98          0.2
 13710       9.0      137.4           98          2.9
 13720       9.0      137.3           98          8.2
 13730      10.6      137.2           98         14.1
 13740      12.2      137.0           98         21.2
 13750      13.2      136.7           97         29.5
